Hermiticity check passed!
Symmetry checks passed!
Hermiticity check passed!
Symmetry checks passed!
  (0, 0)	-32.0
  (0, 1)	-12.17752
  (1, 0)	-12.177519999999996
  (1, 1)	-24.0
  (1, 2)	-6.08876
  (1, 3)	-4.305403485017403
  (1, 6)	-6.08876
  (1, 7)	-8.610806970034806
  (1, 9)	-6.08876
  (1, 34)	-4.305403485017403
  (1, 35)	-6.08876
  (1, 37)	-4.305403485017403
  (2, 1)	-6.08876
  (2, 2)	-20.0
  (2, 4)	-6.08876
  (2, 8)	-6.08876
  (2, 11)	-6.08876
  (2, 36)	-4.305403485017403
  (2, 39)	-4.305403485017403
  (3, 1)	-4.305403485017403
  (3, 3)	-16.0
  (3, 4)	-4.305403485017403
  (3, 10)	-6.08876
  (3, 13)	-6.08876
  (3, 38)	-4.305403485017403
  :	:
  (778, 528)	-6.08876
  (778, 561)	-8.610806970034806
  (778, 715)	-6.08876
  (779, 557)	-6.08876
  (779, 580)	-4.305403485017403
  (779, 686)	-4.305403485017403
  (779, 688)	-6.08876
  (779, 704)	-4.305403485017403
  (779, 715)	-4.305403485017403
  (779, 779)	8.0
  (780, 583)	-8.610806970034806
  (780, 688)	-8.610806970034806
  (780, 780)	8.0
  (781, 536)	-12.17752
  (782, 704)	-12.17752
  (782, 782)	16.0
  (783, 653)	-12.17752
  (784, 656)	-8.610806970034806
  (784, 668)	-6.08876
  (784, 743)	-6.08876
  (784, 784)	16.0
  (785, 671)	-12.17752
  (785, 785)	16.0
  (786, 738)	-12.17752
  (786, 786)	32.0
  (0, 1)	-4.0
  (1, 0)	-4.0
  (1, 2)	-2.0
  (1, 3)	-1.4142135623730951
  (1, 6)	-2.0
  (1, 7)	-2.8284271247461903
  (1, 9)	-2.0
  (1, 34)	-1.4142135623730951
  (1, 35)	-2.0
  (1, 37)	-1.4142135623730951
  (2, 1)	-2.0
  (2, 4)	-2.0
  (2, 8)	-2.0
  (2, 11)	-2.0
  (2, 36)	-1.4142135623730951
  (2, 39)	-1.4142135623730951
  (3, 1)	-1.4142135623730951
  (3, 4)	-1.4142135623730951
  (3, 10)	-2.0
  (3, 13)	-2.0
  (3, 38)	-1.4142135623730951
  (3, 41)	-1.4142135623730951
  (4, 2)	-2.0
  (4, 3)	-1.4142135623730951
  (4, 5)	-2.0
  :	:
  (775, 663)	-1.4142135623730951
  (775, 716)	-1.4142135623730951
  (776, 571)	-2.8284271247461903
  (776, 661)	-2.8284271247461903
  (777, 554)	-2.8284271247461903
  (777, 686)	-2.8284271247461903
  (778, 528)	-2.0
  (778, 561)	-2.8284271247461903
  (778, 715)	-2.0
  (779, 557)	-2.0
  (779, 580)	-1.4142135623730951
  (779, 686)	-1.4142135623730951
  (779, 688)	-2.0
  (779, 704)	-1.4142135623730951
  (779, 715)	-1.4142135623730951
  (780, 583)	-2.8284271247461903
  (780, 688)	-2.8284271247461903
  (781, 536)	-4.0
  (782, 704)	-4.0
  (783, 653)	-4.0
  (784, 656)	-2.8284271247461903
  (784, 668)	-2.0
  (784, 743)	-2.0
  (785, 671)	-4.0
  (786, 738)	-4.0
[-52.06569438 -47.96980053]
[[ 1.68544979e-01  3.49514338e-01]
 [ 2.77722560e-01  4.58358867e-01]
 [ 1.50768253e-01  1.66347183e-01]
 ...
 [ 2.07316446e-03 -2.15725000e-03]
 [ 1.39524029e-03 -1.42478037e-03]
 [ 4.17676797e-04 -3.94911691e-04]]
[-16. -12.]
[[-0.00552427 -0.0032119 ]
 [-0.02209709 -0.00963571]
 [-0.02209709 -0.02296012]
 ...
 [-0.01104854  0.04446173]
 [-0.0078125   0.02421876]
 [-0.00552427  0.03211097]]
[[-5.52427173e-03+0.00000000e+00j -2.20970869e-02+0.00000000e+00j
  -2.20970869e-02+0.00000000e+00j ... -1.10485435e-02+0.00000000e+00j
  -7.81250000e-03+0.00000000e+00j -5.52427173e-03+0.00000000e+00j]
 [-3.90066639e-03-4.06314553e-03j -1.67656903e-02-1.48862921e-02j
  -1.73028883e-02-1.41729864e-02j ... -1.03605397e-02-3.51753463e-03j
  -7.32589022e-03-2.48776330e-03j -5.34183778e-03-9.02522464e-04j]
 [ 1.97626874e-04-5.96002343e-03j -2.90700247e-03-2.32194625e-02j
  -4.67364832e-03-2.27036572e-02j ... -8.42127155e-03-6.47948026e-03j
  -5.95293542e-03-4.58522279e-03j -4.82172350e-03-1.68610687e-03j]
 ...
 [ 3.53367182e-01+6.64529274e-02j  4.31990831e-01+8.49095657e-03j
   1.28687919e-01-6.59147533e-03j ...  1.55256984e-03-1.81404611e-03j
   8.46405783e-04-1.92935983e-03j  1.35896739e-03-3.83422368e-04j]
 [ 2.93096881e-01+2.22355595e-01j  3.80955602e-01+2.07333214e-01j
   1.16810835e-01+6.13919095e-02j ...  2.33546400e-03-8.28105889e-04j
   1.54332747e-03-9.92519262e-04j  1.65422044e-03-1.11150003e-04j]
 [ 1.66963541e-01+3.36145163e-01j  2.42183481e-01+3.60289759e-01j
   7.14737658e-02+1.15256303e-01j ...  2.58433368e-03+3.90397528e-04j
   1.79938185e-03+1.29911681e-04j  1.81181491e-03+2.49353470e-04j]]
[1.0, 1.0000000000000004, 1.0, 1.0, 1.0000000000000004, 1.0000000000000004, 1.0000000000000009, 1.0000000000000013, 1.0000000000000004, 0.9999999999999996, 0.9999999999999973, 0.9999999999999944, 0.9999999999999938, 0.9999999999999947, 0.9999999999999956, 1.0000000000000102, 1.0000000000000102, 1.0000000000000107, 1.0000000000000107, 1.0000000000000102, 1.0000000000000107, 1.0000000000000102, 1.0000000000000102, 1.0000000000000093, 1.0000000000000089, 1.000000000000007, 1.0000000000000067, 1.0000000000000084, 1.000000000000011, 1.0000000000000124, 1.0000000000000115, 1.000000000000011, 1.0000000000000115, 1.000000000000011, 1.0000000000000115, 1.0000000000000115, 1.000000000000012, 1.000000000000011, 1.0000000000000107, 1.0000000000000102, 1.000000000000007, 1.0000000000000044, 1.0000000000000027, 1.0000000000000027, 1.000000000000004, 1.0000000000000022, 1.0000000000000022, 1.0000000000000018, 1.0000000000000022, 1.0000000000000022, 1.0000000000000018, 1.0000000000000022, 1.0000000000000022, 1.0000000000000013, 1.0000000000000009, 0.9999999999999989, 0.9999999999999998, 0.9999999999999947, 0.9999999999999993, 1.0000000000000013, 1.0000000000000058, 1.0000000000000067, 1.0000000000000062, 1.0000000000000062, 1.000000000000007, 1.0000000000000058, 1.000000000000007, 1.0000000000000058, 1.0000000000000058, 1.0000000000000049, 1.0000000000000044, 1.0000000000000027, 1.0000000000000067, 0.9999999999999998, 1.0000000000000036, 1.0000000000000226, 1.0000000000000226, 1.000000000000023, 1.0000000000000226, 1.000000000000023, 1.000000000000023, 1.0000000000000235, 1.0000000000000235, 1.0000000000000226, 1.0000000000000209, 1.0000000000000187, 1.000000000000012, 1.0000000000000062, 1.000000000000004, 0.9999999999999971, 1.000000000000003, 1.0000000000000027, 1.000000000000003, 1.000000000000003, 1.000000000000003, 1.000000000000003, 1.0000000000000027, 1.0000000000000027, 1.0000000000000022, 1.0000000000000018, 1.0000000000000009, 0.9999999999999969, 1.0, 0.9999999999999993, 1.0000000000000129, 1.0000000000000022, 1.0000000000000022, 1.0000000000000022, 1.0000000000000027, 1.0000000000000022, 1.0000000000000027, 1.0000000000000022, 1.0000000000000027, 1.0000000000000018, 1.0000000000000013, 0.9999999999999996, 0.999999999999998, 0.9999999999999976, 1.0000000000000036, 1.000000000000004, 1.000000000000016, 1.0000000000000164, 1.000000000000016, 1.0000000000000164, 1.000000000000016, 1.0000000000000155, 1.0000000000000164, 1.0000000000000164, 1.0000000000000155, 1.0000000000000147, 1.0000000000000133, 1.000000000000011, 1.000000000000008, 1.000000000000007, 1.0000000000000044, 1.0000000000000098, 1.0000000000000102, 1.0000000000000093, 1.0000000000000098, 1.0000000000000102, 1.0000000000000102, 1.0000000000000098, 1.0000000000000098, 1.0000000000000089, 1.000000000000008, 1.0000000000000058, 1.0000000000000044, 1.0000000000000058, 1.000000000000011, 1.0000000000000169, 1.0000000000000155, 1.0000000000000155, 1.0000000000000155, 1.000000000000016, 1.000000000000016, 1.0000000000000155, 1.0000000000000164, 1.0000000000000155, 1.0000000000000142, 1.0000000000000129, 1.000000000000011, 1.0000000000000102, 1.0000000000000093, 1.0000000000000133, 1.0000000000000213, 1.0000000000000302, 1.0000000000000302, 1.0000000000000306, 1.0000000000000302, 1.0000000000000306, 1.0000000000000306, 1.0000000000000306, 1.0000000000000302, 1.0000000000000298, 1.000000000000028, 1.0000000000000266, 1.0000000000000249, 1.0000000000000235, 1.0000000000000253, 1.000000000000031, 1.0000000000000315, 1.000000000000032, 1.000000000000032, 1.000000000000032, 1.000000000000032, 1.000000000000032, 1.000000000000032, 1.000000000000032, 1.000000000000031, 1.0000000000000293, 1.0000000000000289, 1.000000000000027, 1.0000000000000253, 1.0000000000000302, 1.0000000000000235, 1.0000000000000346, 1.0000000000000342, 1.0000000000000342, 1.0000000000000342, 1.0000000000000346, 1.0000000000000346]
[-48.710080000000005, -48.710079999999984, -48.710080000000005, -48.710080000000005, -48.710080000000005, -48.71008000000002, -48.71008000000002, -48.71008, -48.71008, -48.71008, -48.71007999999997, -48.710080000000026, -48.71007999999998, -48.71008000000002, -48.71008000000001, -48.710080000000005, -48.710080000000005, -48.71007999999998, -48.71007999999999, -48.710080000000005, -48.71008, -48.71007999999999, -48.710080000000005, -48.71008, -48.71007999999997, -48.71007999999999, -48.710080000000005, -48.71007999999999, -48.710080000000005, -48.71007999999997, -48.71007999999993, -48.71007999999994, -48.71007999999991, -48.71007999999995, -48.71007999999993, -48.710079999999934, -48.710079999999905, -48.710079999999934, -48.710079999999955, -48.710079999999905, -48.71007999999991, -48.71007999999995, -48.710079999999934, -48.71007999999994, -48.71008, -48.710079999999984, -48.710079999999984, -48.71008000000002, -48.71007999999999, -48.71008, -48.710080000000005, -48.71008000000001, -48.71007999999999, -48.71008, -48.71007999999998, -48.71007999999998, -48.71007999999998, -48.710079999999955, -48.71007999999995, -48.71008000000001, -48.710080000000055, -48.710080000000055, -48.71008000000007, -48.71008000000007, -48.710080000000026, -48.71008000000007, -48.710080000000026, -48.71008000000005, -48.71008000000007, -48.71008000000008, -48.71008000000006, -48.71008000000012, -48.71008000000006, -48.71008000000005, -48.71008000000005, -48.71008000000017, -48.71008000000017, -48.71008000000014, -48.710080000000175, -48.71008000000015, -48.71008000000013, -48.71008000000014, -48.71008000000013, -48.710080000000154, -48.71008000000014, -48.710080000000154, -48.71008000000015, -48.71008000000015, -48.71008000000018, -48.710080000000204, -48.7100800000002, -48.710080000000225, -48.7100800000002, -48.7100800000002, -48.7100800000002, -48.71008000000021, -48.710080000000204, -48.71008000000016, -48.71008000000022, -48.71008000000019, -48.710080000000225, -48.71008000000017, -48.710080000000204, -48.7100800000002, -48.71008000000023, -48.710080000000225, -48.71008000000022, -48.71008000000023, -48.710080000000204, -48.71008000000022, -48.71008000000022, -48.71008000000021, -48.710080000000204, -48.71008000000022, -48.710080000000204, -48.71008000000021, -48.71008000000022, -48.710080000000204, -48.71008000000019, -48.71008000000017, -48.710080000000254, -48.710080000000225, -48.71008000000025, -48.71008000000024, -48.71008000000026, -48.71008000000027, -48.71008000000024, -48.710080000000254, -48.710080000000225, -48.71008000000026, -48.710080000000225, -48.71008000000023, -48.71008000000022, -48.710080000000225, -48.71008000000019, -48.71008000000023, -48.710080000000204, -48.71008000000026, -48.71008000000024, -48.71008000000022, -48.71008000000025, -48.71008000000023, -48.71008000000021, -48.710080000000225, -48.710080000000204, -48.710080000000225, -48.71008000000025, -48.71008000000026, -48.71008000000025, -48.71008000000025, -48.71008000000021, -48.71008000000022, -48.71008000000023, -48.710080000000204, -48.7100800000002, -48.71008000000022, -48.71008000000021, -48.71008000000021, -48.710080000000225, -48.71008000000022, -48.71008000000023, -48.71008000000018, -48.710080000000204, -48.71008000000025, -48.71008000000022, -48.71008000000024, -48.71008000000026, -48.71008000000025, -48.710080000000254, -48.71008000000024, -48.71008000000024, -48.71008000000026, -48.71008000000026, -48.71008000000025, -48.71008000000026, -48.710080000000225, -48.71008000000021, -48.71008000000024, -48.71008000000025, -48.71008000000022, -48.71008000000029, -48.71008000000027, -48.710080000000254, -48.71008000000024, -48.71008000000027, -48.710080000000254, -48.710080000000275, -48.71008000000025, -48.71008000000026, -48.710080000000254, -48.710080000000204, -48.71008000000023, -48.710080000000204, -48.710080000000225, -48.71008000000024, -48.7100800000002, -48.71008000000022, -48.71008000000021, -48.71008000000021, -48.71008000000022, -48.71008000000021]
[1.0, 0.9992012541636335, 0.9968200131684365, 0.9929008679286865, 0.9875168217202929, 0.9807673655548419, 0.9727758767092707, 0.9636864278212509, 0.9536601114415305, 0.9428709976107785, 0.9315018496227653, 0.9197397257039046, 0.9077715922291102, 0.8957800678806214, 0.8839394085623274, 0.872411830694326, 0.8613442565055256, 0.8508655498169315, 0.8410842951494287, 0.8320871572465086, 0.8239378425897554, 0.8166766694037765, 0.8103207381158982, 0.8048646803287274, 0.8002819511489185, 0.7965266172895465, 0.7935355818734234, 0.7912311765209439, 0.789524042379773, 0.7883162145636227, 0.787504319354384, 0.7869827908167079, 0.7866470134611339, 0.7863963004722235, 0.7861366228775676, 0.7857830138180457, 0.7852615835807519, 0.7845110949100819, 0.783484063812082, 0.7821473679862755, 0.7804823624478093, 0.7784845190910393, 0.7761626231500226, 0.773537574041761, 0.7706408503397483, 0.7675127081528967, 0.7642001886650401, 0.7607550138726302, 0.7572314496547462, 0.7536842123808362, 0.7501664895973549, 0.7467281373256979, 0.743414106613951, 0.7402631407200838, 0.7373067721861177, 0.7345686366056198, 0.7320641075782409, 0.7298002456316461, 0.7277760431679129, 0.7259829380939483, 0.7244055609935754, 0.7230226746931264, 0.7218082609894872, 0.7207327072004096, 0.7197640450358878, 0.7188691959742822, 0.7180151806837411, 0.7171702548189298, 0.7163049394508589, 0.7153929211189669, 0.714411803669913, 0.7133437013020248, 0.7121756692159573, 0.7108999746610437, 0.7095142166909488, 0.7080213073913374, 0.7064293305767583, 0.704751295910664, 0.7030048070955526, 0.7012116622971881, 0.6993974034629272, 0.6975908288804809, 0.6958234804551978, 0.6941291140436985, 0.6925431580626394, 0.6911021627778109, 0.6898432404267995, 0.6888034948469086, 0.6880194387135004, 0.6875263969089666, 0.6873578959198493, 0.687545041392008, 0.6881158888726001, 0.6890948160762925, 0.6905019084284686, 0.6923523728356665, 0.6946559972969459, 0.697416675819543, 0.7006320189197689, 0.7042930696382378, 0.7083841434314121, 0.7128828075671595, 0.7177600118859575, 0.7229803782000366, 0.7285026504521627, 0.7342803023368497, 0.7402622936990532, 0.7463939619539542, 0.7526180302645878, 0.7588757104714248, 0.7651078759246912, 0.7712562774938563, 0.7772647751151355, 0.7830805572156433, 0.7886553210905464, 0.7939463886302409, 0.7989177334928534, 0.8035408976831961, 0.8077957773420623, 0.8116712592245148, 0.8151656907761065, 0.818287167911061, 0.8210536256592681, 0.8234927179729388, 0.8256414744358792, 0.8275457237100412, 0.829259276601762, 0.830842865908915, 0.8323628459071103, 0.8338896615045792, 0.8354961056367728, 0.8372553931016782, 0.8392390893013464, 0.8415149426508103, 0.8441446790319812, 0.847181824845744, 0.8506696312035523, 0.8546391749361237, 0.8591077118631042, 0.8640773538454057, 0.8695341334489932, 0.875447508758656, 0.8817703464179428, 0.8884394039915403, 0.8953763140900342, 0.9024890533346042, 0.9096738602018776, 0.9168175480956104, 0.9238001445755236, 0.9304977753169335, 0.9367857026561391, 0.9425414238332381, 0.9476477333571459, 0.9519956571163478, 0.9554871725480734, 0.9580376387824806, 0.9595778724993544, 0.960055818518685, 0.9594377781485361, 0.9577091723585022, 0.9548748303749228, 0.9509588068915266, 0.9460037424989173, 0.9400697920490407, 0.9332331544999951, 0.9255842454309735, 0.9172255600176581, 0.9082692799541295, 0.8988346826977557, 0.8890454155315934, 0.8790267002365559, 0.8689025365147802, 0.8587929735122619, 0.8488115186174932, 0.8390627509198898, 0.8296402030803505, 0.8206245697408545, 0.8120822929154482, 0.8040645651082693, 0.7966067793650672, 0.7897284423765327, 0.7834335525214077, 0.777711429865709, 0.7725379701894406, 0.7678772806975281, 0.7636836417921127, 0.7599037277118722, 0.7564790094904809, 0.75334825697215, 0.7504500528600748, 0.7477252311547431, 0.7451191549267216, 0.7425837540977754, 0.7400792525872661, 0.7375755255158201, 0.7350530407421535, 0.7325033543517395, 0.7299291462567752, 0.727343799193927, 0.7247705414736482, 0.7222411901881278]
[0.0, 0.01, 0.02, 0.03, 0.04, 0.05, 0.06, 0.07, 0.08, 0.09, 0.1, 0.11, 0.12, 0.13, 0.14, 0.15, 0.16, 0.17, 0.18, 0.19, 0.2, 0.21, 0.22, 0.23, 0.24, 0.25, 0.26, 0.27, 0.28, 0.29, 0.3, 0.31, 0.32, 0.33, 0.34, 0.35, 0.36, 0.37, 0.38, 0.39, 0.4, 0.41, 0.42, 0.43, 0.44, 0.45, 0.46, 0.47, 0.48, 0.49, 0.5, 0.51, 0.52, 0.53, 0.54, 0.55, 0.56, 0.57, 0.58, 0.59, 0.6, 0.61, 0.62, 0.63, 0.64, 0.65, 0.66, 0.67, 0.68, 0.69, 0.7, 0.71, 0.72, 0.73, 0.74, 0.75, 0.76, 0.77, 0.78, 0.79, 0.8, 0.81, 0.82, 0.83, 0.84, 0.85, 0.86, 0.87, 0.88, 0.89, 0.9, 0.91, 0.92, 0.93, 0.94, 0.95, 0.96, 0.97, 0.98, 0.99, 1.0, 1.01, 1.02, 1.03, 1.04, 1.05, 1.06, 1.07, 1.08, 1.09, 1.1, 1.11, 1.12, 1.13, 1.14, 1.15, 1.16, 1.17, 1.18, 1.19, 1.2, 1.21, 1.22, 1.23, 1.24, 1.25, 1.26, 1.27, 1.28, 1.29, 1.3, 1.31, 1.32, 1.33, 1.34, 1.35, 1.36, 1.37, 1.38, 1.39, 1.4, 1.41, 1.42, 1.43, 1.44, 1.45, 1.46, 1.47, 1.48, 1.49, 1.5, 1.51, 1.52, 1.53, 1.54, 1.55, 1.56, 1.57, 1.58, 1.59, 1.6, 1.61, 1.62, 1.63, 1.64, 1.65, 1.66, 1.67, 1.68, 1.69, 1.7, 1.71, 1.72, 1.73, 1.74, 1.75, 1.76, 1.77, 1.78, 1.79, 1.8, 1.81, 1.82, 1.83, 1.84, 1.85, 1.86, 1.87, 1.88, 1.89, 1.9, 1.91, 1.92, 1.93, 1.94, 1.95, 1.96, 1.97, 1.98, 1.99, 2.0]
