Hermiticity check passed!
Symmetry checks passed!
Hermiticity check passed!
Symmetry checks passed!
  (0, 0)	-18.0
  (0, 1)	-9.13314
  (1, 0)	-9.13314
  (1, 1)	-10.0
  (1, 2)	-6.08876
  (1, 4)	-6.08876
  (1, 5)	-8.610806970034806
  (2, 1)	-6.08876
  (2, 2)	-6.0
  (2, 3)	-5.273020837546539
  (2, 6)	-6.08876
  (2, 7)	-4.305403485017403
  (3, 2)	-5.273020837546538
  (3, 3)	-6.0
  (3, 8)	-7.457177583134251
  (4, 1)	-6.08876
  (4, 4)	-6.0
  (4, 6)	-6.08876
  (4, 11)	-5.273020837546539
  (4, 12)	-4.305403485017403
  (5, 1)	-8.610806970034806
  (5, 5)	-2.0
  (5, 6)	-4.305403485017403
  (5, 7)	-6.08876
  (5, 12)	-6.08876
  :	:
  (13, 12)	-3.04438
  (13, 13)	-8.08876
  (13, 15)	-6.08876
  (14, 7)	-4.305403485017403
  (14, 9)	-3.04438
  (14, 12)	-4.305403485017403
  (14, 14)	6.0
  (14, 17)	-6.08876
  (15, 6)	-4.305403485017403
  (15, 10)	-3.04438
  (15, 12)	-6.08876
  (15, 13)	-6.08876
  (15, 15)	2.0
  (15, 17)	-4.305403485017403
  (16, 5)	-5.273020837546538
  (16, 16)	6.0
  (16, 17)	-7.457177583134251
  (17, 6)	-3.04438
  (17, 7)	-4.305403485017403
  (17, 10)	-4.305403485017403
  (17, 12)	-4.305403485017403
  (17, 14)	-6.08876
  (17, 15)	-4.305403485017403
  (17, 16)	-7.457177583134252
  (17, 17)	-0.08875999999999973
  (0, 1)	-3.0
  (1, 0)	-3.0
  (1, 2)	-2.0
  (1, 4)	-2.0
  (1, 5)	-2.8284271247461903
  (2, 1)	-2.0
  (2, 3)	-1.7320508075688772
  (2, 6)	-2.0
  (2, 7)	-1.4142135623730951
  (3, 2)	-1.7320508075688772
  (3, 8)	-2.449489742783178
  (4, 1)	-2.0
  (4, 6)	-2.0
  (4, 11)	-1.7320508075688772
  (4, 12)	-1.4142135623730951
  (5, 1)	-2.8284271247461903
  (5, 6)	-1.4142135623730951
  (5, 7)	-2.0
  (5, 12)	-2.0
  (5, 16)	-1.7320508075688772
  (6, 2)	-2.0
  (6, 4)	-2.0
  (6, 5)	-1.4142135623730951
  (6, 8)	-1.4142135623730951
  (6, 9)	-2.0
  :	:
  (13, 6)	-1.4142135623730951
  (13, 9)	-1.4142135623730951
  (13, 11)	-2.4494897427831783
  (13, 12)	-1.0
  (13, 13)	-2.0
  (13, 15)	-2.0
  (14, 7)	-1.4142135623730951
  (14, 9)	-1.0
  (14, 12)	-1.4142135623730951
  (14, 17)	-2.0
  (15, 6)	-1.4142135623730951
  (15, 10)	-1.0
  (15, 12)	-2.0
  (15, 13)	-2.0
  (15, 17)	-1.4142135623730951
  (16, 5)	-1.7320508075688772
  (16, 17)	-2.449489742783178
  (17, 6)	-1.0
  (17, 7)	-1.4142135623730951
  (17, 10)	-1.4142135623730951
  (17, 12)	-1.4142135623730951
  (17, 14)	-2.0
  (17, 15)	-1.4142135623730951
  (17, 16)	-2.4494897427831783
  (17, 17)	-2.0
[-29.55351104 -23.97331034]
[[ 0.37122998  0.61924177]
 [ 0.46960954  0.40500017]
 [ 0.26841171 -0.02003589]
 [ 0.1269482  -0.12307411]
 [ 0.26841171 -0.02003589]
 [ 0.29305394  0.02874977]
 [ 0.33198609 -0.27226472]
 [ 0.17928967 -0.12062359]
 [ 0.21117041 -0.28246605]
 [ 0.14879666 -0.19891079]
 [ 0.15935189 -0.19268883]
 [ 0.1269482  -0.12307411]
 [ 0.17928967 -0.12062359]
 [ 0.21117041 -0.28246605]
 [ 0.08544899 -0.09220705]
 [ 0.15935189 -0.19268883]
 [ 0.0793303  -0.04068731]
 [ 0.17100187 -0.18386736]]
[-9. -5.]
[[ 0.0625     -0.30233318]
 [ 0.1875     -0.50388864]
 [ 0.1875     -0.19505487]
 [ 0.10825318  0.01125934]
 [ 0.1875     -0.08311537]
 [ 0.26516504 -0.37338886]
 [ 0.375       0.12494067]
 [ 0.26516504 -0.16749958]
 [ 0.26516504  0.16090765]
 [ 0.1875      0.2257184 ]
 [ 0.26516504  0.06336804]
 [ 0.10825318  0.20514425]
 [ 0.26516504 -0.00919321]
 [ 0.26516504  0.47752039]
 [ 0.1875     -0.02416294]
 [ 0.26516504  0.22167442]
 [ 0.15309311 -0.15302045]
 [ 0.375      -0.04832589]]
[[ 0.0625    +0.00000000e+00j  0.1875    +0.00000000e+00j
   0.1875    +0.00000000e+00j ...  0.26516504+0.00000000e+00j
   0.15309311+0.00000000e+00j  0.375     +0.00000000e+00j]
 [ 0.05680522+2.76688833e-02j  0.17562996+6.88395662e-02j
   0.17780013+6.16436094e-02j ...  0.25634469+6.65475439e-02j
   0.14905347+3.24005216e-02j  0.36510346+7.93767863e-02j]
 [ 0.04044482+5.11996723e-02j  0.1412199 +1.30122551e-01j
   0.14956819+1.17508610e-01j ...  0.23054679+1.28353048e-01j
   0.13723109+6.26717832e-02j  0.33612289+1.53606985e-01j]
 ...
 [ 0.26473616+4.38542045e-01j -0.04199781+4.17766702e-01j
  -0.15807938+1.84430593e-01j ... -0.11224277+9.28457451e-02j
  -0.06670908+3.70466640e-02j -0.15245349+7.47294963e-02j]
 [ 0.14570679+4.66266542e-01j -0.15899699+3.89285295e-01j
  -0.21216507+1.40400363e-01j ... -0.13686496+5.56734157e-02j
  -0.0781337 +2.02844760e-02j -0.17502151+3.30822795e-02j]
 [ 0.02864364+4.62508317e-01j -0.26174742+3.28780465e-01j
  -0.25228632+8.17253611e-02j ... -0.15002056+1.22160220e-02j
  -0.08452421+1.74069308e-04j -0.18524435-1.48486862e-02j]]
[1.0000000000000004, 1.0, 1.0000000000000004, 1.0, 1.0000000000000004, 1.0000000000000004, 1.0, 1.0000000000000004, 1.0000000000000004, 1.0000000000000004, 1.0000000000000004, 1.0000000000000004, 1.0000000000000004, 1.0, 0.9999999999999996, 0.9999999999999993, 0.9999999999999978, 0.9999999999999964, 0.9999999999999953, 0.9999999999999933, 0.9999999999999929, 0.9999999999999936, 0.9999999999999922, 0.9999999999999913, 0.9999999999999993, 1.0000000000000084, 1.0000000000000182, 1.0000000000000298, 1.0000000000000364, 1.0000000000000542, 1.0000000000000466, 1.000000000000092, 1.0000000000000893, 1.0000000000001545, 1.0000000000001545, 1.0000000000001545, 1.0000000000001545, 1.000000000000154, 1.000000000000154, 1.0000000000001545, 1.0000000000001545, 1.0000000000001545, 1.0000000000001545, 1.0000000000001545, 1.0000000000001554, 1.0000000000001554, 1.000000000000155, 1.000000000000155, 1.000000000000155, 1.0000000000001537, 1.0000000000001532, 1.000000000000151, 1.0000000000001514, 1.0000000000001492, 1.000000000000147, 1.0000000000001452, 1.0000000000001403, 1.0000000000001439, 1.0000000000001452, 1.0000000000001554, 1.0000000000001656, 1.000000000000186, 1.0000000000001825, 1.0000000000002292, 1.0000000000001719, 1.0000000000002225, 1.0000000000002514, 1.0000000000002514, 1.0000000000002518, 1.0000000000002514, 1.0000000000002514, 1.0000000000002518, 1.0000000000002514, 1.0000000000002514, 1.0000000000002518, 1.0000000000002518, 1.0000000000002514, 1.0000000000002518, 1.0000000000002518, 1.0000000000002514, 1.0000000000002518, 1.0000000000002527, 1.000000000000251, 1.0000000000002518, 1.0000000000002496, 1.0000000000002465, 1.0000000000002478, 1.0000000000002474, 1.0000000000002407, 1.000000000000246, 1.0000000000002531, 1.0000000000002487, 1.0000000000002522, 1.0000000000002576, 1.0000000000002527, 1.000000000000281, 1.0000000000002434, 1.000000000000258, 1.0000000000002505, 1.0000000000002354, 1.0000000000002354, 1.0000000000002354, 1.0000000000002354, 1.0000000000002358, 1.0000000000002354, 1.0000000000002354, 1.0000000000002354, 1.0000000000002354, 1.0000000000002358, 1.0000000000002358, 1.0000000000002363, 1.0000000000002363, 1.0000000000002354, 1.0000000000002358, 1.000000000000235, 1.0000000000002345, 1.0000000000002323, 1.0000000000002323, 1.0000000000002296, 1.0000000000002305, 1.0000000000002287, 1.0000000000002256, 1.0000000000002234, 1.0000000000002274, 1.0000000000002247, 1.00000000000023, 1.0000000000002478, 1.0000000000002482, 1.0000000000002882, 1.0000000000003029, 1.000000000000275, 1.0000000000003006, 1.000000000000275, 1.000000000000275, 1.0000000000002753, 1.000000000000275, 1.0000000000002753, 1.000000000000275, 1.000000000000275, 1.0000000000002753, 1.0000000000002753, 1.0000000000002753, 1.0000000000002758, 1.0000000000002753, 1.0000000000002753, 1.0000000000002758, 1.0000000000002753, 1.0000000000002744, 1.000000000000274, 1.0000000000002744, 1.0000000000002718, 1.0000000000002727, 1.0000000000002727, 1.000000000000275, 1.0000000000002713, 1.0000000000002776, 1.000000000000285, 1.0000000000002722, 1.000000000000289, 1.0000000000003082, 1.0000000000002718, 1.0000000000003175, 1.000000000000309, 1.0000000000003193, 1.000000000000255, 1.0000000000002975, 1.000000000000297, 1.0000000000002975, 1.000000000000297, 1.000000000000297, 1.000000000000297, 1.000000000000297, 1.0000000000002975, 1.000000000000297, 1.0000000000002967, 1.0000000000002967, 1.000000000000297, 1.0000000000002967, 1.0000000000002962, 1.0000000000002958, 1.0000000000002958, 1.0000000000002953, 1.0000000000002967, 1.0000000000002958, 1.0000000000002922, 1.0000000000002949, 1.0000000000002895, 1.0000000000002922, 1.0000000000002958, 1.0000000000003002, 1.0000000000002909, 1.0000000000003095, 1.000000000000293, 1.0000000000002962, 1.0000000000003046, 1.0000000000003522, 1.0000000000002909, 1.0000000000003237, 1.000000000000286, 1.0000000000002855, 1.000000000000286]
[-27.399420000000003, -27.399420000000006, -27.399420000000003, -27.39942000000001, -27.399420000000003, -27.399420000000003, -27.39942000000001, -27.39942000000001, -27.399420000000003, -27.399420000000003, -27.39942000000001, -27.399420000000003, -27.399420000000003, -27.39942, -27.39942, -27.399420000000003, -27.399419999999996, -27.399419999999992, -27.399419999999996, -27.39941999999999, -27.399419999999985, -27.39941999999997, -27.399419999999996, -27.399419999999967, -27.399419999999974, -27.399419999999996, -27.39941999999997, -27.399420000000003, -27.399419999999967, -27.39941999999997, -27.399419999999992, -27.39942000000014, -27.399420000000088, -27.399420000000344, -27.399420000000347, -27.399420000000333, -27.399420000000333, -27.399420000000344, -27.399420000000347, -27.399420000000347, -27.399420000000347, -27.399420000000347, -27.39942000000034, -27.39942000000034, -27.399420000000337, -27.399420000000344, -27.399420000000347, -27.39942000000035, -27.399420000000344, -27.399420000000344, -27.399420000000333, -27.399420000000333, -27.399420000000337, -27.39942000000033, -27.399420000000326, -27.399420000000344, -27.399420000000347, -27.399420000000326, -27.39942000000038, -27.39942000000037, -27.399420000000372, -27.399420000000486, -27.399420000000603, -27.399420000000458, -27.39942000000076, -27.399420000000823, -27.399420000001, -27.399420000001, -27.399420000000998, -27.399420000000998, -27.399420000001005, -27.399420000000998, -27.399420000001, -27.399420000000998, -27.399420000001, -27.399420000001, -27.399420000001005, -27.399420000001, -27.399420000001005, -27.399420000001005, -27.399420000001015, -27.399420000000998, -27.399420000001008, -27.399420000000994, -27.399420000000998, -27.399420000001005, -27.399420000000998, -27.399420000001008, -27.399420000001005, -27.399420000001005, -27.399420000001022, -27.399420000001047, -27.399420000001076, -27.399420000001008, -27.399420000001008, -27.399420000001147, -27.399420000001015, -27.399420000001207, -27.39942000000114, -27.39942000000143, -27.39942000000143, -27.39942000000143, -27.39942000000143, -27.399420000001424, -27.399420000001435, -27.399420000001435, -27.399420000001435, -27.399420000001438, -27.399420000001424, -27.399420000001424, -27.399420000001424, -27.39942000000143, -27.399420000001435, -27.399420000001424, -27.399420000001424, -27.39942000000143, -27.399420000001424, -27.399420000001427, -27.399420000001417, -27.399420000001403, -27.3994200000014, -27.399420000001406, -27.39942000000136, -27.39942000000137, -27.39942000000141, -27.39942000000134, -27.39942000000134, -27.39942000000139, -27.399420000001438, -27.39942000000159, -27.3994200000015, -27.399420000001495, -27.39942000000172, -27.39942000000171, -27.399420000001708, -27.39942000000171, -27.399420000001708, -27.399420000001715, -27.39942000000171, -27.39942000000172, -27.39942000000171, -27.399420000001722, -27.399420000001708, -27.399420000001708, -27.39942000000172, -27.399420000001715, -27.399420000001708, -27.39942000000171, -27.399420000001708, -27.39942000000171, -27.399420000001726, -27.399420000001722, -27.3994200000017, -27.399420000001722, -27.399420000001705, -27.3994200000017, -27.399420000001736, -27.39942000000172, -27.399420000001715, -27.3994200000017, -27.399420000001687, -27.399420000001705, -27.399420000001662, -27.399420000001694, -27.399420000001783, -27.39942000000139, -27.399420000001403, -27.39942000000139, -27.3994200000014, -27.399420000001403, -27.399420000001403, -27.399420000001395, -27.39942000000139, -27.399420000001395, -27.399420000001403, -27.3994200000014, -27.399420000001392, -27.399420000001392, -27.3994200000014, -27.399420000001395, -27.399420000001395, -27.39942000000139, -27.39942000000139, -27.399420000001385, -27.399420000001378, -27.399420000001385, -27.39942000000138, -27.399420000001378, -27.399420000001356, -27.399420000001374, -27.399420000001374, -27.39942000000138, -27.399420000001395, -27.399420000001506, -27.399420000001548, -27.39942000000171, -27.399420000001545, -27.39942000000161, -27.399420000001925, -27.399420000001932, -27.39942000000192]
[1.0, 0.9992009300064686, 0.9968148542280516, 0.9928749816501801, 0.9874360179450454, 0.9805732111988907, 0.9723810352901663, 0.962971530264134, 0.9524723245494644, 0.9410243693271032, 0.9287794207620487, 0.9158973110972879, 0.9025430547139587, 0.8888838400804047, 0.8750859629081631, 0.8613117596318864, 0.8477166033260529, 0.8344460261304998, 0.8216330329309649, 0.8093956701830283, 0.7978349111529596, 0.7870329142959843, 0.777051704887653, 0.7679323213419225, 0.7596944569707877, 0.7523366154620539, 0.7458367843926674, 0.7401536160882413, 0.7352280896203047, 0.7309856123151671, 0.7273385044938059, 0.7241887979453809, 0.7214312675062186, 0.7189566066529084, 0.7166546527005149, 0.7144175653683292, 0.7121428643138455, 0.7097362367438254, 0.7071140352029401, 0.7042053977495003, 0.7009539374200093, 0.6973189644841775, 0.6932762227166694, 0.688818138913371, 0.6839536022926517, 0.6787073064129515, 0.6731187000561242, 0.6672406045489278, 0.6611375627680623, 0.6548839893395628, 0.6485621922574905, 0.6422603334827754, 0.6360703904182317, 0.6300861720450528, 0.6244014336413982, 0.619108123163585, 0.6142947813624365, 0.6100451073087441, 0.6064366919018687, 0.6035399146863739, 0.6014169942783719, 0.6001211800811964, 0.5996960727150369, 0.6001750624646514, 0.6015808786549648, 0.6039252476525561, 0.6072086625315429, 0.6114202726689404, 0.6165379060080138, 0.6225282398812814, 0.6293471376718962, 0.6369401679218282, 0.6452433196510375, 0.6541839226989504, 0.663681775077018, 0.6736504710206229, 0.6839989141624705, 0.694632990610687, 0.7054573673319747, 0.7163773727323396, 0.7273009092615358, 0.7381403427189819, 0.7488143100661625, 0.7592493871734223, 0.7693815601215698, 0.7791574483709598, 0.7885352351011831, 0.797485268998787, 0.8059903123268021, 0.8140454217865183, 0.8216574609852708, 0.8288442557551094, 0.8356334156445215, 0.8420608561836317, 0.8481690666059721, 0.8540051762604317, 0.8596188796910695, 0.865060285093632, 0.8703777534351699, 0.8756157958757527, 0.8808130952529961, 0.8860007133457468, 0.8912005395538846, 0.8964240287189048, 0.9016712663315231, 0.9069303886591362, 0.912177373762912, 0.9173762073905704, 0.9224794157832419, 0.9274289459877535, 0.9321573637697035, 0.9365893300899574, 0.9406433096882285, 0.9442334598797102, 0.9472716443813679, 0.9496695158986116, 0.9513406122588014, 0.9522024138997423, 0.9521783152296186, 0.9511994684046972, 0.9492064649955244, 0.9461508283707075, 0.9419962969567501, 0.9367198853990205, 0.9303127166781775, 0.9227806231390174, 0.914144517981025, 0.9044405409771679, 0.893719983088161, 0.8820489944020875, 0.86950807873717, 0.856191376668857, 0.8422057371063759, 0.8276695762970836, 0.8127115227156724, 0.7974688470822202, 0.7820856790486685, 0.7667110160781385, 0.7514965357587564, 0.736594230131373, 0.7221538892996118, 0.7083204712124626, 0.6952314045158771, 0.6830138811133195, 0.6717822038499783, 0.6616352618238431, 0.6526542105510624, 0.6449004359860875, 0.63841387977153, 0.633211797800679, 0.6292880151595878, 0.6266127279437618, 0.6251328867114972, 0.6247731780472168, 0.6254376006477604, 0.6270116114300531, 0.6293647963844131, 0.6323540012732892, 0.6358268397606657, 0.6396254820030065, 0.6435906158279251, 0.6475654658596357, 0.6513997535834277, 0.6549534834050131, 0.6581004460596951, 0.66073134086627, 0.6627564317408813, 0.6641076679051684, 0.6647402180864589, 0.6646333859333197, 0.6637908935942054, 0.6622405392196544, 0.6600332519211108, 0.657241583923237, 0.6539576938619924, 0.6502908870982423, 0.6463647883319246, 0.6423142286063664, 0.6382819329624766, 0.6344150965875093, 0.6308619364147094, 0.6277683019334888, 0.6252744236763943, 0.623511870710962, 0.6226007797694848, 0.6226474087166254, 0.6237420562278887, 0.6259573781940632, 0.6293471198498407, 0.6339452713196242, 0.6397656435361576, 0.646801851645876, 0.6550276843533993, 0.6643978304040581, 0.6748489277163393, 0.686300896634548, 0.6986585163715666, 0.7118132028618301, 0.7256449467749397, 0.7400243721090166, 0.7548148782963218]
[0.0, 0.01, 0.02, 0.03, 0.04, 0.05, 0.06, 0.07, 0.08, 0.09, 0.1, 0.11, 0.12, 0.13, 0.14, 0.15, 0.16, 0.17, 0.18, 0.19, 0.2, 0.21, 0.22, 0.23, 0.24, 0.25, 0.26, 0.27, 0.28, 0.29, 0.3, 0.31, 0.32, 0.33, 0.34, 0.35, 0.36, 0.37, 0.38, 0.39, 0.4, 0.41, 0.42, 0.43, 0.44, 0.45, 0.46, 0.47, 0.48, 0.49, 0.5, 0.51, 0.52, 0.53, 0.54, 0.55, 0.56, 0.57, 0.58, 0.59, 0.6, 0.61, 0.62, 0.63, 0.64, 0.65, 0.66, 0.67, 0.68, 0.69, 0.7, 0.71, 0.72, 0.73, 0.74, 0.75, 0.76, 0.77, 0.78, 0.79, 0.8, 0.81, 0.82, 0.83, 0.84, 0.85, 0.86, 0.87, 0.88, 0.89, 0.9, 0.91, 0.92, 0.93, 0.94, 0.95, 0.96, 0.97, 0.98, 0.99, 1.0, 1.01, 1.02, 1.03, 1.04, 1.05, 1.06, 1.07, 1.08, 1.09, 1.1, 1.11, 1.12, 1.13, 1.14, 1.15, 1.16, 1.17, 1.18, 1.19, 1.2, 1.21, 1.22, 1.23, 1.24, 1.25, 1.26, 1.27, 1.28, 1.29, 1.3, 1.31, 1.32, 1.33, 1.34, 1.35, 1.36, 1.37, 1.38, 1.39, 1.4, 1.41, 1.42, 1.43, 1.44, 1.45, 1.46, 1.47, 1.48, 1.49, 1.5, 1.51, 1.52, 1.53, 1.54, 1.55, 1.56, 1.57, 1.58, 1.59, 1.6, 1.61, 1.62, 1.63, 1.64, 1.65, 1.66, 1.67, 1.68, 1.69, 1.7, 1.71, 1.72, 1.73, 1.74, 1.75, 1.76, 1.77, 1.78, 1.79, 1.8, 1.81, 1.82, 1.83, 1.84, 1.85, 1.86, 1.87, 1.88, 1.89, 1.9, 1.91, 1.92, 1.93, 1.94, 1.95, 1.96, 1.97, 1.98, 1.99, 2.0]
