Hermiticity check passed!
Symmetry checks passed!
Hermiticity check passed!
Symmetry checks passed!
  (0, 0)	-50.0
  (0, 1)	-15.2219
  (1, 0)	-15.221900000000007
  (1, 1)	-42.0
  (1, 2)	-6.08876
  (1, 3)	-6.08876
  (1, 8)	-6.08876
  (1, 9)	-8.610806970034806
  (1, 11)	-8.610806970034806
  (1, 78)	-6.08876
  (1, 79)	-8.610806970034806
  (1, 81)	-8.610806970034806
  (2, 1)	-6.08876
  (2, 2)	-38.0
  (2, 4)	-6.08876
  (2, 5)	-3.04438
  (2, 10)	-6.08876
  (2, 13)	-6.08876
  (2, 17)	-4.305403485017403
  (2, 80)	-6.08876
  (2, 83)	-6.08876
  (2, 87)	-4.305403485017403
  (3, 1)	-6.08876
  (3, 3)	-34.0
  (3, 4)	-3.04438
  :	:
  (170439, 137926)	-3.04438
  (170439, 140820)	-4.305403485017403
  (170439, 140882)	-3.04438
  (170439, 142529)	-3.04438
  (170439, 143511)	-3.04438
  (170439, 147378)	-3.04438
  (170439, 147410)	-3.04438
  (170439, 147972)	-3.04438
  (170439, 148846)	-3.04438
  (170439, 160490)	-3.04438
  (170439, 160557)	-3.04438
  (170439, 166423)	-3.04438
  (170439, 166958)	-3.04438
  (170439, 167099)	-3.04438
  (170439, 169966)	-3.04438
  (170439, 169996)	-3.04438
  (170439, 170059)	-4.305403485017403
  (170439, 170060)	-3.04438
  (170439, 170077)	-3.04438
  (170439, 170109)	-3.04438
  (170439, 170183)	-3.04438
  (170439, 170189)	-4.305403485017403
  (170439, 170217)	-3.04438
  (170439, 170351)	-4.305403485017403
  (170439, 170439)	10.0
  (0, 1)	-5.0
  (1, 0)	-5.000000000000002
  (1, 2)	-2.0
  (1, 3)	-2.0
  (1, 8)	-2.0
  (1, 9)	-2.8284271247461903
  (1, 11)	-2.8284271247461903
  (1, 78)	-2.0
  (1, 79)	-2.8284271247461903
  (1, 81)	-2.8284271247461903
  (2, 1)	-2.0
  (2, 4)	-2.0
  (2, 5)	-1.0
  (2, 10)	-2.0
  (2, 13)	-2.0
  (2, 17)	-1.4142135623730951
  (2, 80)	-2.0
  (2, 83)	-2.0
  (2, 87)	-1.4142135623730951
  (3, 1)	-2.0
  (3, 4)	-1.0
  (3, 5)	-2.0
  (3, 12)	-2.0
  (3, 15)	-2.0
  (3, 21)	-1.4142135623730951
  :	:
  (170439, 137900)	-1.0
  (170439, 137926)	-1.0
  (170439, 140820)	-1.4142135623730951
  (170439, 140882)	-1.0
  (170439, 142529)	-1.0
  (170439, 143511)	-1.0
  (170439, 147378)	-1.0
  (170439, 147410)	-1.0
  (170439, 147972)	-1.0
  (170439, 148846)	-1.0
  (170439, 160490)	-1.0
  (170439, 160557)	-1.0
  (170439, 166423)	-1.0
  (170439, 166958)	-1.0
  (170439, 167099)	-1.0
  (170439, 169966)	-1.0
  (170439, 169996)	-1.0
  (170439, 170059)	-1.4142135623730951
  (170439, 170060)	-1.0
  (170439, 170077)	-1.0
  (170439, 170109)	-1.0
  (170439, 170183)	-1.0
  (170439, 170189)	-1.4142135623730951
  (170439, 170217)	-1.0
  (170439, 170351)	-1.4142135623730951
[-81.10459586 -77.87489995]
[[ 0.0614808  -0.14571325]
 [ 0.12563053 -0.26683544]
 [ 0.06727671 -0.12077587]
 ...
 [ 0.00037072  0.00038851]
 [ 0.000271    0.00028656]
 [ 0.0004797   0.00051128]]
[-25. -21.]
[[ 0.00024414  0.00103941]
 [ 0.0012207   0.00436553]
 [ 0.0012207   0.00387542]
 ...
 [ 0.00244141 -0.0064095 ]
 [ 0.00172633 -0.00375367]
 [ 0.00244141 -0.00761989]]
[[ 2.44140625e-04+0.00000000e+00j  1.22070312e-03+0.00000000e+00j
   1.22070312e-03+0.00000000e+00j ...  2.44140625e-03+0.00000000e+00j
   1.72633492e-03+0.00000000e+00j  2.44140625e-03+0.00000000e+00j]
 [ 7.71845977e-05+2.39521780e-04j  4.77731604e-04+1.15745160e-03j
   5.22148545e-04+1.13477484e-03j ...  1.96830033e-03+1.40908703e-03j
   1.39182590e-03+9.96326527e-04j  1.91511589e-03+1.49020351e-03j]
 [-2.21426413e-04+1.63294747e-04j -9.46865215e-04+9.61616225e-04j
  -8.60367402e-04+1.02312578e-03j ...  7.57648781e-04+2.23469788e-03j
   5.36112500e-04+1.57994531e-03j  5.83253367e-04+2.31035449e-03j]
 ...
 [-3.17180701e-02+1.08043410e-02j -3.12199099e-02+2.51838792e-02j
  -6.12529042e-03-1.22282204e-04j ... -5.27580555e-04-1.95024629e-04j
  -3.46724152e-04-1.23106241e-04j -7.61134373e-04-1.28160673e-05j]
 [-3.35580553e-02-1.18803873e-02j -4.11782853e-02-2.02795361e-05j
  -4.27540707e-03-4.17791723e-03j ... -2.29814049e-04-5.05815655e-04j
  -1.41347677e-04-3.42384528e-04j -4.85167023e-04-5.12576909e-04j]
 [-2.02450484e-02-3.17934305e-02j -3.30639070e-02-2.62336734e-02j
  -3.65503946e-04-5.67950079e-03j ...  2.00836600e-04-5.12791053e-04j
   1.62456932e-04-3.44304138e-04j  4.21304539e-05-6.57047995e-04j]]
[1.0, 1.0, 0.9999999999999969, 0.9999999999999976, 1.0000000000000058, 0.999999999999998, 0.9999999999999929, 1.0000000000000013, 0.9999999999999964, 1.0000000000000044, 0.9999999999999982, 0.9999999999999978, 1.0000000000000044, 1.0000000000000013, 1.0000000000000044, 1.0000000000000004, 0.9999999999999925, 0.9999999999999871, 0.9999999999999962, 0.9999999999999962, 0.9999999999999949, 1.0000000000000036, 0.9999999999999916, 0.9999999999999962, 0.9999999999999973, 0.9999999999999944, 1.0, 0.999999999999996, 0.9999999999999927, 0.9999999999999925, 0.999999999999998, 1.0, 0.9999999999999938, 0.9999999999999989, 0.9999999999999927, 0.9999999999999887, 0.9999999999999905, 0.9999999999999911, 0.9999999999999942, 0.9999999999999882, 0.9999999999999887, 0.9999999999999907, 0.9999999999999896, 0.9999999999999842, 0.9999999999999809, 0.9999999999999902, 0.9999999999999867, 0.9999999999999953, 0.9999999999999982, 0.9999999999999967, 0.9999999999999896, 0.9999999999999876, 0.99999999999999, 0.9999999999999816, 0.999999999999996, 0.9999999999999916, 0.9999999999999942, 0.9999999999999958, 0.999999999999996, 0.9999999999999951, 0.9999999999999858, 0.9999999999999933, 0.9999999999999993, 0.9999999999999958, 0.9999999999999905, 0.9999999999999916, 0.9999999999999996, 0.9999999999999949, 0.9999999999999936, 0.9999999999999853, 0.9999999999999947, 0.9999999999999978, 0.9999999999999925, 0.999999999999992, 0.9999999999999947, 0.9999999999999925, 0.9999999999999978, 0.9999999999999944, 0.9999999999999956, 0.9999999999999838, 0.9999999999999873, 0.9999999999999916, 0.9999999999999982, 0.999999999999992, 0.9999999999999856, 0.9999999999999847, 0.9999999999999827, 0.9999999999999916, 0.9999999999999785, 0.9999999999999829, 0.9999999999999913, 0.9999999999999936, 0.9999999999999987, 1.0000000000000004, 1.0000000000000044, 1.0000000000000022, 0.9999999999999905, 0.9999999999999862, 0.9999999999999858, 0.9999999999999942, 0.9999999999999816, 0.9999999999999936, 0.9999999999999949, 0.9999999999999871, 0.9999999999999973, 0.99999999999999, 0.999999999999984, 0.9999999999999845, 0.9999999999999909, 0.9999999999999953, 0.9999999999999842, 0.9999999999999851, 0.9999999999999876, 0.9999999999999907, 0.9999999999999858, 0.9999999999999851, 0.9999999999999831, 0.9999999999999789, 0.9999999999999853, 0.99999999999998, 0.9999999999999845, 0.9999999999999738, 0.9999999999999736, 0.9999999999999682, 0.9999999999999687, 0.9999999999999718, 0.999999999999986, 0.9999999999999771, 0.9999999999999731, 0.9999999999999818, 0.9999999999999785, 0.9999999999999813, 0.9999999999999771, 0.9999999999999729, 0.9999999999999785, 0.9999999999999716, 0.9999999999999736, 0.9999999999999789, 0.9999999999999785, 0.9999999999999727, 0.9999999999999729, 0.999999999999976, 0.9999999999999771, 0.9999999999999727, 0.9999999999999778, 0.9999999999999734, 0.9999999999999716, 0.9999999999999758, 0.999999999999982, 0.999999999999978, 0.999999999999974, 0.9999999999999627, 0.9999999999999727, 0.9999999999999742, 0.9999999999999682, 0.9999999999999734, 0.9999999999999751, 0.9999999999999736, 0.9999999999999771, 0.9999999999999658, 0.9999999999999647, 0.9999999999999702, 0.9999999999999729, 0.9999999999999709, 0.9999999999999711, 0.9999999999999651, 0.9999999999999631, 0.9999999999999705, 0.9999999999999662, 0.9999999999999587, 0.9999999999999625, 0.9999999999999727, 0.999999999999966, 0.9999999999999669, 0.9999999999999682, 0.9999999999999645, 0.9999999999999691, 0.9999999999999634, 0.999999999999954, 0.999999999999964, 0.9999999999999589, 0.9999999999999667, 0.999999999999962, 0.9999999999999676, 0.9999999999999658, 0.9999999999999658, 0.9999999999999665, 0.9999999999999583, 0.9999999999999578, 0.9999999999999658, 0.9999999999999614, 0.9999999999999591, 0.999999999999962, 0.9999999999999609, 0.9999999999999585, 0.9999999999999623, 0.999999999999962, 0.9999999999999518, 0.999999999999962, 0.9999999999999614, 0.9999999999999678]
[-76.1094999999387, -76.10949999999968, -76.10950000000042, -76.10950000000011, -76.10949999999946, -76.10950000000041, -76.10950000000012, -76.10949999999971, -76.10949999999983, -76.10949999999927, -76.1095000000001, -76.10950000000024, -76.10949999999978, -76.1095000000005, -76.10949999999943, -76.1094999999995, -76.10950000000027, -76.10950000000041, -76.1094999999999, -76.10949999999993, -76.10950000000028, -76.10949999999953, -76.10950000000045, -76.10949999999997, -76.10949999999966, -76.10949999999988, -76.10949999999977, -76.1095, -76.10950000000047, -76.10950000000051, -76.10949999999966, -76.10949999999909, -76.10950000000008, -76.1094999999994, -76.10949999999973, -76.10950000000001, -76.10949999999995, -76.10950000000042, -76.10949999999993, -76.10950000000054, -76.1095000000005, -76.1094999999998, -76.10949999999995, -76.10950000000057, -76.10949999999998, -76.10949999999991, -76.10950000000015, -76.10949999999926, -76.1094999999997, -76.10949999999929, -76.10950000000068, -76.10949999999964, -76.10949999999993, -76.10950000000096, -76.10949999999923, -76.10950000000021, -76.10950000000038, -76.10949999999976, -76.1094999999995, -76.10949999999973, -76.10950000000008, -76.10949999999991, -76.10949999999929, -76.10949999999978, -76.10950000000055, -76.10950000000022, -76.10949999999958, -76.10950000000018, -76.1094999999999, -76.10950000000075, -76.10949999999954, -76.10949999999961, -76.10950000000037, -76.10950000000051, -76.10949999999995, -76.10950000000065, -76.10949999999976, -76.10949999999946, -76.10949999999933, -76.10950000000038, -76.10949999999983, -76.10950000000027, -76.1094999999993, -76.10950000000051, -76.10950000000064, -76.10950000000076, -76.10950000000035, -76.10949999999933, -76.10950000000007, -76.10949999999971, -76.10950000000048, -76.10950000000031, -76.10949999999976, -76.10949999999993, -76.10949999999889, -76.10949999999923, -76.1095000000008, -76.10949999999997, -76.10950000000047, -76.10950000000098, -76.10950000000041, -76.10950000000007, -76.10950000000048, -76.10950000000082, -76.10949999999994, -76.10950000000004, -76.10950000000075, -76.1095000000007, -76.10950000000001, -76.109499999999, -76.10950000000003, -76.10950000000038, -76.10950000000031, -76.10950000000025, -76.10950000000078, -76.10950000000045, -76.1095, -76.10949999999993, -76.10949999999929, -76.10950000000061, -76.10949999999976, -76.10950000000085, -76.10950000000022, -76.10950000000014, -76.10950000000032, -76.10950000000025, -76.10949999999998, -76.10949999999991, -76.10950000000031, -76.10949999999985, -76.10950000000051, -76.10949999999983, -76.10950000000057, -76.10950000000004, -76.1094999999999, -76.10950000000108, -76.10950000000011, -76.10949999999974, -76.10950000000044, -76.10950000000071, -76.10950000000048, -76.10950000000045, -76.10950000000005, -76.10950000000054, -76.10950000000054, -76.10950000000044, -76.10950000000106, -76.1095000000004, -76.10949999999954, -76.10950000000022, -76.10950000000024, -76.10950000000071, -76.10949999999936, -76.10949999999957, -76.10950000000038, -76.10950000000057, -76.10950000000021, -76.10950000000011, -76.10950000000008, -76.10950000000021, -76.10950000000003, -76.10950000000028, -76.10950000000024, -76.10950000000011, -76.10949999999995, -76.10950000000052, -76.10950000000058, -76.10950000000008, -76.10950000000021, -76.10950000000045, -76.10950000000037, -76.1094999999999, -76.10950000000084, -76.10950000000038, -76.10950000000022, -76.1095000000007, -76.10950000000018, -76.10950000000028, -76.10950000000047, -76.10950000000032, -76.10950000000084, -76.10949999999994, -76.10950000000065, -76.10950000000021, -76.10949999999993, -76.10950000000001, -76.10950000000014, -76.1095000000004, -76.10950000000078, -76.10949999999995, -76.10950000000084, -76.1095000000007, -76.10950000000008, -76.1095000000006, -76.10950000000115, -76.10950000000031, -76.10950000000044, -76.10950000000082, -76.10950000000027, -76.10950000000015, -76.10950000000011]
[1.0, 0.9992012542162757, 0.9968200165212616, 0.9929009058142619, 0.987517032215402, 0.9807681570941366, 0.972778199354477, 0.9636921658197706, 0.9536725998582151, 0.9428956548035261, 0.9315469069509038, 0.9198170268895923, 0.9078974278428232, 0.8959760058751951, 0.884233079790597, 0.8728376288468354, 0.8619439146507246, 0.8516885603392866, 0.8421881459087815, 0.8335373637561306, 0.8258077634885307, 0.8190471001024782, 0.8132792849304407, 0.8085049244628597, 0.8047024184205499, 0.8018295754290615, 0.7998256925181275, 0.7986140336527952, 0.798104632859601, 0.7981973395345898, 0.7987850175153466, 0.7997568057686046, 0.801001347351381, 0.8024098948480552, 0.8038792048764022, 0.8053141414879857, 0.8066299182279896, 0.8077539209968569, 0.8086270682721205, 0.8092046811846977, 0.8094568527929245, 0.8093683229899166, 0.8089378821234361, 0.8081773419306129, 0.807110126172442, 0.8057695448707705, 0.8041968248943597, 0.802438975539917, 0.8005465705849568, 0.79857152806675, 0.7965649659190863, 0.7945752058347577, 0.7926459896691356, 0.7908149627706247, 0.789112467264035, 0.7875606759823559, 0.7861730848896675, 0.7849543688921692, 0.7839005932869298, 0.7829997611093699, 0.7822326656265031, 0.781574007467021, 0.7809937276252046, 0.7804585010330659, 0.7799333307386356, 0.7793831800893186, 0.778774579788256, 0.7780771483034967, 0.7772649678413979, 0.7763177638565427, 0.7752218436966352, 0.7739707592361447, 0.7725656689265848, 0.7710153862105339, 0.769336113284559, 0.76755087128884, 0.765688649675099, 0.7637833082878607, 0.7618722751540892, 0.7599950907330146, 0.7581918551282757, 0.7565016382958853, 0.754960914484228, 0.7536020810080026, 0.7524521180801167, 0.7515314409879374, 0.7508529886605263, 0.750421583949826, 0.7502335910944044, 0.7502768852222331, 0.7505311377555269, 0.7509684105637394, 0.7515540410129513, 0.7522477899873465, 0.7530052157892907, 0.753779228806689, 0.7545217751822715, 0.7551855926228896, 0.755725978105502, 0.7561025057075839, 0.7562806332151368, 0.756233138605317, 0.7559413319812885, 0.7553959950119656, 0.7545980082924637, 0.7535586371025786, 0.7522994575338384, 0.7508519175259206, 0.7492565405673262, 0.7475617931763082, 0.7458226502392692, 0.7440989042781755, 0.7424532751894709, 0.7409493854296549, 0.739649671581995, 0.7386133063963191, 0.7378942055585149, 0.7375391905766859, 0.7375863733873496, 0.7380638198601909, 0.7389885387264863, 0.7403658300977533, 0.7421890142766352, 0.7444395476289674, 0.7470875185116322, 0.7500925032222628, 0.7534047501555301, 0.7569666502190532, 0.7607144433579514, 0.7645801049205474, 0.7684933516081108, 0.7723837048333698, 0.7761825493287843, 0.7798251266086977, 0.7832524061850021, 0.7864127820429822, 0.7892635475944545, 0.791772108953467, 0.7939169037638204, 0.7956880008114446, 0.7970873641532503, 0.7981287743691453, 0.7988374086654612, 0.7992490907801546, 0.7994092307843879, 0.799371483735652, 0.7991961644752695, 0.7989484634157296, 0.7986965146563931, 0.7985093729269345, 0.7984549594335207, 0.7985980384613061, 0.7989982864089035, 0.7997085127142679, 0.8007730878728541, 0.8022266275403885, 0.804092973731926, 0.8063845046433706, 0.8091017939725985, 0.8122336292015317, 0.8157573865552833, 0.8196397487305314, 0.8238377404219638, 0.828300046584307, 0.8329685696028685, 0.837780174397976, 0.8426685651675253, 0.8475662341043556, 0.8524064210539446, 0.8571250236695831, 0.8616624000742641, 0.865965010192967, 0.8699868475763569, 0.8736906204678614, 0.8770486488264219, 0.8800434527542353, 0.8826680170441894, 0.8849257261099609, 0.886829973159008, 0.8884034568883434, 0.8896771880097214, 0.8906892363343404, 0.8914832567696636, 0.8921068392080048, 0.8926097327398632, 0.8930419987357587, 0.8934521499652034, 0.8938853339384275, 0.8943816179826922, 0.8949744311576309, 0.8956892139792595, 0.8965423211254676, 0.897540214957113, 0.8986789789941877, 0.8999441706762515, 0.9013110221082421, 0.9027449863843913, 0.9042026158684173, 0.9056327478750102, 0.9069779629378943, 0.9081762716363971]
[0.0, 0.01, 0.02, 0.03, 0.04, 0.05, 0.06, 0.07, 0.08, 0.09, 0.1, 0.11, 0.12, 0.13, 0.14, 0.15, 0.16, 0.17, 0.18, 0.19, 0.2, 0.21, 0.22, 0.23, 0.24, 0.25, 0.26, 0.27, 0.28, 0.29, 0.3, 0.31, 0.32, 0.33, 0.34, 0.35, 0.36, 0.37, 0.38, 0.39, 0.4, 0.41, 0.42, 0.43, 0.44, 0.45, 0.46, 0.47, 0.48, 0.49, 0.5, 0.51, 0.52, 0.53, 0.54, 0.55, 0.56, 0.57, 0.58, 0.59, 0.6, 0.61, 0.62, 0.63, 0.64, 0.65, 0.66, 0.67, 0.68, 0.69, 0.7, 0.71, 0.72, 0.73, 0.74, 0.75, 0.76, 0.77, 0.78, 0.79, 0.8, 0.81, 0.82, 0.83, 0.84, 0.85, 0.86, 0.87, 0.88, 0.89, 0.9, 0.91, 0.92, 0.93, 0.94, 0.95, 0.96, 0.97, 0.98, 0.99, 1.0, 1.01, 1.02, 1.03, 1.04, 1.05, 1.06, 1.07, 1.08, 1.09, 1.1, 1.11, 1.12, 1.13, 1.14, 1.15, 1.16, 1.17, 1.18, 1.19, 1.2, 1.21, 1.22, 1.23, 1.24, 1.25, 1.26, 1.27, 1.28, 1.29, 1.3, 1.31, 1.32, 1.33, 1.34, 1.35, 1.36, 1.37, 1.38, 1.39, 1.4, 1.41, 1.42, 1.43, 1.44, 1.45, 1.46, 1.47, 1.48, 1.49, 1.5, 1.51, 1.52, 1.53, 1.54, 1.55, 1.56, 1.57, 1.58, 1.59, 1.6, 1.61, 1.62, 1.63, 1.64, 1.65, 1.66, 1.67, 1.68, 1.69, 1.7, 1.71, 1.72, 1.73, 1.74, 1.75, 1.76, 1.77, 1.78, 1.79, 1.8, 1.81, 1.82, 1.83, 1.84, 1.85, 1.86, 1.87, 1.88, 1.89, 1.9, 1.91, 1.92, 1.93, 1.94, 1.95, 1.96, 1.97, 1.98, 1.99, 2.0]
