20 1.0 1.0 0.0 -0.578859502512931
20 1.0 1.0 0.05 -0.5727302438935483
20 1.0 1.0 0.1 -0.5666684903156233
20 1.0 1.0 0.15000000000000002 -0.5606800908055583
20 1.0 1.0 0.2 -0.5547714723876144
20 1.0 1.0 0.25 -0.5489496684138478
20 1.0 1.0 0.30000000000000004 -0.5432223330206887
20 1.0 1.0 0.35000000000000003 -0.5375977349395666
20 1.0 1.0 0.4 -0.5320847227481532
20 1.0 1.0 0.45 -0.5266926531576953
20 1.0 1.0 0.5 -0.5214312746878056
20 1.0 1.0 0.55 -0.5163105617742254
20 1.0 1.0 0.6000000000000001 -0.5113404995743214
20 1.0 1.0 0.65 -0.506530827618049
20 1.0 1.0 0.7000000000000001 -0.5018907602736151
20 1.0 1.0 0.75 -0.4974287118774967
20 1.0 1.0 0.8 -0.49315206142210144
20 1.0 1.0 0.8500000000000001 -0.48906699277637744
20 1.0 1.0 0.9 -0.48517843950399875
20 1.0 1.0 0.9500000000000001 -0.4814901487575082
20 1.0 1.0 1.0 -0.4780048594875767
20 1.0 1.0 1.05 -0.474724571045681
20 1.0 1.0 1.1 -0.47165086367761183
20 1.0 1.0 1.1500000000000001 -0.46878522489672036
20 1.0 1.0 1.2000000000000002 -0.46612933517749455
20 1.0 1.0 1.25 -0.4636852709255511
20 1.0 1.0 1.3 -0.4614555902271338
20 1.0 1.0 1.35 -0.45944327685192493
20 1.0 1.0 1.4000000000000001 -0.45765153191414754
20 1.0 1.0 1.4500000000000002 -0.45608342354459896
20 1.0 1.0 1.5 -0.45474143523026633
20 1.0 1.0 1.55 -0.4536269912449554
20 1.0 1.0 1.6 -0.4527400736981721
20 1.0 1.0 1.6500000000000001 -0.45207906476534265
20 1.0 1.0 1.7000000000000002 -0.45164093552927354
20 1.0 1.0 1.75 -0.451421858147782
20 1.0 1.0 1.8 -0.4514182573389749
20 1.0 1.0 1.85 -0.45162826431376146
20 1.0 1.0 1.9000000000000001 -0.45205349582320087
20 1.0 1.0 1.9500000000000002 -0.4527010045818344
20 1.0 1.0 2.0 -0.45358500477172436
