# J E/N
0.0 -0.4
0.01 -0.4003998800080503
0.02 -0.4015980805279026
0.03 -0.4035902863584
0.04 -0.4063693195134461
0.05 -0.40992517498542347
0.06 -0.41424511018963184
0.07 -0.4193138344147191
0.08 -0.4251138400743226
0.09 -0.4316258790222999
0.1 -0.4388295174147084
0.11 -0.4467036253085187
0.12 -0.4552266103386068
0.13 -0.46437622688716773
0.14 -0.4741289051778182
0.15 -0.4844587340214905
0.16 -0.4953364282283184
0.17 -0.5067287069168926
0.18 -0.5185984145090305
0.19 -0.5309054512745999
0.2 -0.5436082841524275
0.21 -0.5566656414848812
0.22 -0.5700380175782318
0.23 -0.5842885043269449
0.24 -0.5992199453750718
0.25 -0.6142968953086537
0.26 -0.629504640056942
0.27 -0.6448301545960957
0.28 -0.6602619156766183
0.29 -0.6757897269823988
0.3 -0.6914045596425483
