# J E/N
0.0 2.5534164875261016e-17
0.01 -0.00039988000805042765
0.02 -0.0015980805279022757
0.03 -0.0035902863583995885
0.04 -0.006369319513446337
0.05 -0.009925174985424369
0.06 -0.014245110189632232
0.07 -0.019313834414717793
0.08 -0.02511384007432276
0.09 -0.03162587902229934
0.1 -0.03882951741470832
0.11 -0.046703625308517474
0.12 -0.05522661033860756
0.13 -0.06437622688716808
0.14 -0.07412890517781921
0.15 -0.08445873402148923
0.16 -0.09533642822831898
0.17 -0.10672870691689167
0.18 -0.11859841450903172
0.19 -0.1309054512745976
0.2 -0.14360828415242782
0.21 -0.15666564148488005
0.22 -0.17003801757823214
0.23 -0.18368876279924745
0.24 -0.1975847050015577
0.25 -0.21169636591418572
0.26 -0.22599788579782118
0.27 -0.2404667698982089
0.28 -0.25508354678091244
0.29 -0.26983140009243034
0.3 -0.28469581083834
