Hermiticity check passed!
Symmetry checks passed!
Hermiticity check passed!
Symmetry checks passed!
  (0, 0)	-32.0
  (0, 1)	-24.35504
  (1, 0)	-24.355039999999992
  (1, 1)	-24.0
  (1, 2)	-12.17752
  (1, 3)	-8.610806970034806
  (1, 6)	-12.17752
  (1, 7)	-17.221613940069613
  (1, 9)	-12.17752
  (1, 34)	-8.610806970034806
  (1, 35)	-12.17752
  (1, 37)	-8.610806970034806
  (2, 1)	-12.17752
  (2, 2)	-20.0
  (2, 4)	-12.17752
  (2, 8)	-12.17752
  (2, 11)	-12.17752
  (2, 36)	-8.610806970034806
  (2, 39)	-8.610806970034806
  (3, 1)	-8.610806970034806
  (3, 3)	-16.0
  (3, 4)	-8.610806970034806
  (3, 10)	-12.17752
  (3, 13)	-12.17752
  (3, 38)	-8.610806970034806
  :	:
  (778, 528)	-12.17752
  (778, 561)	-17.221613940069613
  (778, 715)	-12.17752
  (779, 557)	-12.17752
  (779, 580)	-8.610806970034806
  (779, 686)	-8.610806970034806
  (779, 688)	-12.17752
  (779, 704)	-8.610806970034806
  (779, 715)	-8.610806970034806
  (779, 779)	8.0
  (780, 583)	-17.221613940069613
  (780, 688)	-17.221613940069613
  (780, 780)	8.0
  (781, 536)	-24.35504
  (782, 704)	-24.35504
  (782, 782)	16.0
  (783, 653)	-24.35504
  (784, 656)	-17.221613940069613
  (784, 668)	-12.17752
  (784, 743)	-12.17752
  (784, 784)	16.0
  (785, 671)	-24.35504
  (785, 785)	16.0
  (786, 738)	-24.35504
  (786, 786)	32.0
  (0, 1)	-4.0
  (1, 0)	-4.0
  (1, 2)	-2.0
  (1, 3)	-1.4142135623730951
  (1, 6)	-2.0
  (1, 7)	-2.8284271247461903
  (1, 9)	-2.0
  (1, 34)	-1.4142135623730951
  (1, 35)	-2.0
  (1, 37)	-1.4142135623730951
  (2, 1)	-2.0
  (2, 4)	-2.0
  (2, 8)	-2.0
  (2, 11)	-2.0
  (2, 36)	-1.4142135623730951
  (2, 39)	-1.4142135623730951
  (3, 1)	-1.4142135623730951
  (3, 4)	-1.4142135623730951
  (3, 10)	-2.0
  (3, 13)	-2.0
  (3, 38)	-1.4142135623730951
  (3, 41)	-1.4142135623730951
  (4, 2)	-2.0
  (4, 3)	-1.4142135623730951
  (4, 5)	-2.0
  :	:
  (775, 663)	-1.4142135623730951
  (775, 716)	-1.4142135623730951
  (776, 571)	-2.8284271247461903
  (776, 661)	-2.8284271247461903
  (777, 554)	-2.8284271247461903
  (777, 686)	-2.8284271247461903
  (778, 528)	-2.0
  (778, 561)	-2.8284271247461903
  (778, 715)	-2.0
  (779, 557)	-2.0
  (779, 580)	-1.4142135623730951
  (779, 686)	-1.4142135623730951
  (779, 688)	-2.0
  (779, 704)	-1.4142135623730951
  (779, 715)	-1.4142135623730951
  (780, 583)	-2.8284271247461903
  (780, 688)	-2.8284271247461903
  (781, 536)	-4.0
  (782, 704)	-4.0
  (783, 653)	-4.0
  (784, 656)	-2.8284271247461903
  (784, 668)	-2.0
  (784, 743)	-2.0
  (785, 671)	-4.0
  (786, 738)	-4.0
[-98.78478526 -82.55804928]
[[ 0.02384854  0.15997126]
 [ 0.06539588  0.33208053]
 [ 0.05271778  0.18589875]
 ...
 [ 0.00551612 -0.00283882]
 [ 0.00382959 -0.00189157]
 [ 0.00160092 -0.00066468]]
[-16. -12.]
[[-0.00552427 -0.0032119 ]
 [-0.02209709 -0.00963571]
 [-0.02209709 -0.02296012]
 ...
 [-0.01104854  0.04446173]
 [-0.0078125   0.02421876]
 [-0.00552427  0.03211097]]
[[-0.00552427+0.j         -0.02209709+0.j         -0.02209709+0.j
  ... -0.01104854+0.j         -0.0078125 +0.j
  -0.00552427+0.j        ]
 [-0.00159075-0.00551646j -0.00800752-0.02128843j -0.00879793-0.02085602j
  ... -0.00742868-0.0078883j  -0.00525231-0.00557869j
  -0.00420915-0.00324211j]
 [ 0.00534486-0.00354219j  0.01828228-0.01661801j  0.01666687-0.01762392j
  ...  0.00068666-0.01020102j  0.00049276-0.00721598j
  -0.00114628-0.00458411j]
 ...
 [-0.00050388-0.01125262j -0.00649859-0.03837338j -0.01128202-0.03071412j
  ... -0.0038449 -0.00618926j  0.00015398-0.00293081j
  -0.0013445 -0.00197468j]
 [ 0.01150438-0.00599555j  0.03296339-0.02746226j  0.02301762-0.02697453j
  ...  0.00248659-0.00727286j  0.00329281-0.00230795j
   0.00097131-0.00231648j]
 [ 0.01292371+0.00870999j  0.04499636+0.01580613j  0.0383135 +0.00687176j
  ...  0.00730731-0.00279512j  0.00481559+0.00115316j
   0.0027127 -0.00065993j]]
[1.0, 1.0000000000000004, 1.0000000000000004, 1.0000000000000009, 1.0000000000000004, 0.9999999999999964, 0.9999999999999929, 0.9999999999999916, 1.0000000000000093, 1.0000000000000848, 1.0000000000000848, 1.0000000000000848, 1.0000000000000853, 1.000000000000084, 1.0000000000000804, 1.0000000000000755, 1.00000000000008, 1.0000000000001021, 1.0000000000001692, 1.0000000000001692, 1.0000000000001696, 1.00000000000017, 1.0000000000001683, 1.0000000000001648, 1.0000000000001608, 1.0000000000001688, 1.0000000000001874, 1.0000000000002003, 1.0000000000002007, 1.0000000000002007, 1.0000000000002012, 1.0000000000002003, 1.0000000000001967, 1.0000000000001923, 1.0000000000001967, 1.0000000000002096, 1.0000000000002767, 1.0000000000002762, 1.0000000000002767, 1.0000000000002776, 1.0000000000002762, 1.0000000000002718, 1.0000000000002682, 1.0000000000002718, 1.000000000000289, 1.0000000000003393, 1.0000000000003397, 1.0000000000003397, 1.0000000000003397, 1.0000000000003393, 1.0000000000003366, 1.000000000000333, 1.0000000000003348, 1.0000000000003468, 1.000000000000373, 1.000000000000373, 1.0000000000003735, 1.0000000000003735, 1.0000000000003726, 1.0000000000003695, 1.000000000000365, 1.0000000000003713, 1.0000000000003837, 1.0000000000004183, 1.0000000000004183, 1.0000000000004183, 1.0000000000004188, 1.0000000000004174, 1.0000000000004143, 1.0000000000004095, 1.0000000000004126, 1.0000000000004237, 1.0000000000004627, 1.0000000000004627, 1.0000000000004627, 1.0000000000004632, 1.0000000000004623, 1.0000000000004583, 1.0000000000004556, 1.000000000000461, 1.0000000000004792, 1.0000000000005063, 1.0000000000005067, 1.0000000000005067, 1.0000000000005067, 1.0000000000005058, 1.0000000000005023, 1.0000000000004974, 1.0000000000005014, 1.0000000000005218, 1.000000000000571, 1.0000000000005707, 1.0000000000005707, 1.000000000000571, 1.0000000000005702, 1.000000000000567, 1.0000000000005644, 1.0000000000005707, 1.0000000000005782, 1.000000000000584, 1.000000000000584, 1.000000000000584, 1.0000000000005844, 1.0000000000005835, 1.0000000000005804, 1.000000000000576, 1.0000000000005773, 1.0000000000005924, 1.000000000000636, 1.000000000000636, 1.000000000000636, 1.0000000000006364, 1.0000000000006355, 1.0000000000006324, 1.0000000000006284, 1.000000000000632, 1.0000000000006453, 1.0000000000006737, 1.0000000000006737, 1.0000000000006737, 1.0000000000006741, 1.0000000000006728, 1.0000000000006697, 1.000000000000667, 1.000000000000668, 1.0000000000006803, 1.0000000000007296, 1.0000000000007296, 1.00000000000073, 1.0000000000007305, 1.0000000000007296, 1.0000000000007256, 1.0000000000007208, 1.0000000000007248, 1.0000000000007425, 1.0000000000008011, 1.0000000000008016, 1.0000000000008016, 1.0000000000008016, 1.0000000000008007, 1.0000000000007971, 1.000000000000794, 1.0000000000007998, 1.000000000000803, 1.0000000000008402, 1.0000000000008402, 1.0000000000008407, 1.000000000000841, 1.0000000000008402, 1.0000000000008362, 1.0000000000008327, 1.0000000000008398, 1.0000000000008558, 1.000000000000898, 1.0000000000008975, 1.0000000000008984, 1.0000000000008984, 1.000000000000898, 1.0000000000008944, 1.0000000000008908, 1.0000000000008957, 1.0000000000009073, 1.0000000000009512, 1.0000000000009517, 1.0000000000009517, 1.0000000000009517, 1.0000000000009508, 1.0000000000009477, 1.0000000000009455, 1.0000000000009512, 1.0000000000009552, 1.0000000000009943, 1.0000000000009939, 1.0000000000009943, 1.0000000000009943, 1.0000000000009934, 1.0000000000009899, 1.0000000000009868, 1.0000000000009917, 1.0000000000010005, 1.0000000000010112, 1.0000000000010112, 1.0000000000010112, 1.0000000000010116, 1.0000000000010103, 1.0000000000010072, 1.000000000001005, 1.0000000000010063, 1.0000000000010059, 1.0000000000010325, 1.000000000001033, 1.0000000000010334, 1.0000000000010334, 1.000000000001032, 1.0000000000010294, 1.0000000000010258, 1.000000000001029, 1.0000000000010307, 1.0000000000010543, 1.0000000000010547, 1.0000000000010552]
[-97.42016000000002, -97.42016, -97.42015999999998, -97.42015999999998, -97.42016, -97.42016000000001, -97.42015999999998, -97.42015999999997, -97.42015999999997, -97.4201600000001, -97.42016000000007, -97.42016000000011, -97.42016000000007, -97.4201600000001, -97.42016000000005, -97.42016000000001, -97.42016000000014, -97.42016000000018, -97.42016000000031, -97.42016000000027, -97.42016000000028, -97.42016000000027, -97.42016000000034, -97.42016000000031, -97.42016000000025, -97.42016000000025, -97.42016000000037, -97.42016000000051, -97.42016000000045, -97.42016000000046, -97.42016000000044, -97.42016000000045, -97.42016000000045, -97.42016000000041, -97.42016000000034, -97.42016000000045, -97.42016000000068, -97.42016000000068, -97.42016000000065, -97.42016000000059, -97.4201600000006, -97.42016000000062, -97.42016000000068, -97.42016000000066, -97.42016000000066, -97.42016000000069, -97.42016000000069, -97.4201600000007, -97.4201600000007, -97.42016000000068, -97.42016000000064, -97.42016000000065, -97.42016000000072, -97.42016000000068, -97.42016000000085, -97.42016000000083, -97.4201600000008, -97.42016000000083, -97.42016000000086, -97.42016000000083, -97.42016000000085, -97.42016000000076, -97.4201600000008, -97.42016000000089, -97.42016000000092, -97.42016000000095, -97.4201600000009, -97.42016000000093, -97.42016000000088, -97.42016000000093, -97.4201600000009, -97.42016000000098, -97.420160000001, -97.42016000000102, -97.42016000000103, -97.420160000001, -97.42016000000102, -97.420160000001, -97.42016000000105, -97.42016000000102, -97.42016000000099, -97.42016000000109, -97.42016000000102, -97.42016000000109, -97.42016000000108, -97.42016000000109, -97.42016000000103, -97.42016000000103, -97.42016000000106, -97.42016000000118, -97.42016000000118, -97.42016000000122, -97.4201600000012, -97.42016000000125, -97.42016000000122, -97.42016000000112, -97.42016000000122, -97.42016000000125, -97.42016000000122, -97.42016000000143, -97.42016000000145, -97.42016000000147, -97.42016000000143, -97.42016000000147, -97.42016000000142, -97.42016000000142, -97.42016000000147, -97.4201600000015, -97.42016000000154, -97.42016000000157, -97.42016000000162, -97.42016000000162, -97.42016000000159, -97.42016000000154, -97.42016000000154, -97.4201600000016, -97.42016000000164, -97.4201600000016, -97.42016000000163, -97.42016000000163, -97.42016000000159, -97.42016000000166, -97.42016000000154, -97.42016000000164, -97.42016000000162, -97.42016000000154, -97.42016000000173, -97.4201600000018, -97.42016000000176, -97.42016000000176, -97.42016000000174, -97.42016000000172, -97.42016000000177, -97.42016000000174, -97.42016000000177, -97.4201600000019, -97.42016000000179, -97.42016000000179, -97.42016000000187, -97.42016000000176, -97.42016000000181, -97.42016000000183, -97.4201600000018, -97.42016000000177, -97.42016000000189, -97.42016000000189, -97.42016000000184, -97.42016000000184, -97.42016000000183, -97.42016000000186, -97.42016000000189, -97.4201600000018, -97.42016000000184, -97.4201600000018, -97.42016000000186, -97.42016000000176, -97.42016000000183, -97.42016000000177, -97.42016000000181, -97.4201600000018, -97.42016000000179, -97.42016000000184, -97.420160000002, -97.420160000002, -97.42016000000193, -97.42016000000204, -97.42016000000199, -97.42016000000196, -97.42016000000197, -97.420160000002, -97.42016000000199, -97.42016000000191, -97.42016000000197, -97.42016000000199, -97.42016000000197, -97.42016000000197, -97.42016000000194, -97.42016000000196, -97.42016000000201, -97.42016000000199, -97.42016000000193, -97.42016000000199, -97.42016000000201, -97.42016000000199, -97.420160000002, -97.42016000000203, -97.42016000000197, -97.42016000000196, -97.42016000000204, -97.4201600000022, -97.42016000000217, -97.42016000000213, -97.4201600000022, -97.42016000000224, -97.42016000000216, -97.42016000000216, -97.42016000000218, -97.4201600000022, -97.42016000000224, -97.42016000000221, -97.42016000000218]
[1.0, 0.9992042109474704, 0.9968668897158673, 0.9931345805381053, 0.9882398345087328, 0.9824846603367102, 0.976219229536752, 0.969817500539113, 0.9636516319655424, 0.9580671042284851, 0.953360365380588, 0.9497605786115992, 0.9474167001515176, 0.9463906876560585, 0.9466571628411515, 0.9481093615449864, 0.9505707331078728, 0.9538111321607565, 0.9575662112151535, 0.9615583997576443, 0.965517766056946, 0.9692011126554582, 0.9724078535332666, 0.9749915435437374, 0.9768663481447682, 0.9780082117030332, 0.9784509575663137, 0.9782779846286925, 0.9776105716746827, 0.9765940324700525, 0.9753830662135224, 0.974127619738006, 0.9729604334562848, 0.9719872062951641, 0.9712800155088818, 0.970874297010284, 0.9707693611572584, 0.9709321148195453, 0.9713034054277914, 0.9718062137248392, 0.9723548106372625, 0.9728639656250438, 0.9732573482345231, 0.9734743939144551, 0.9734750954984478, 0.9732424134884377, 0.972782247770665, 0.9721211554320953, 0.9713022099167765, 0.9703795558757956, 0.9694123080072876, 0.9684584648811531, 0.9675694620394981, 0.9667858815575212, 0.9661346823401927, 0.9656281349068229, 0.9652644559278459, 0.9650299604487876, 0.9649024004673552, 0.9648550506580233, 0.9648610443539327, 0.9648974590270291, 0.964948698710752, 0.9650088142095011, 0.9650825292556217, 0.9651848875222854, 0.9653395854666765, 0.965576193406913, 0.9659265779961991, 0.9664209127573649, 0.9670836934974462, 0.9679301611597579, 0.9689634798087856, 0.9701729300194942, 0.9715332690897308, 0.9730052920242224, 0.9745375141191974, 0.9760687988786686, 0.9775316830637031, 0.9788561096555792, 0.9799732712745634, 0.9808192891270273, 0.9813385003874733, 0.9814861919566659, 0.9812306911637975, 0.9805547943817426, 0.9794565739558222, 0.9779496457051441, 0.9760629997578332, 0.9738404958689688, 0.9713401026836265, 0.9686329229844891, 0.9658019998616352, 0.9629408492471734, 0.9601516204981033, 0.9575427572540898, 0.9552260240041701, 0.953312786761102, 0.9519094933025339, 0.9511123895114675, 0.9510016275516657, 0.9516350567211938, 0.9530421209989328, 0.9552183972212303, 0.9581213730168979, 0.9616680663081899, 0.9657350178858872, 0.9701610446649804, 0.9747529337771218, 0.9792940062776253, 0.9835552102754777, 0.9873081458032392, 0.9903392052788692, 0.992463856387496, 0.9935400136280232, 0.993479447559044, 0.9922562665902648, 0.9899116689967509, 0.9865543927279761, 0.98235657472774, 0.9775450543844935, 0.9723884986759778, 0.9671810669230858, 0.9622236442468911, 0.9578039256011311, 0.9541767976248484, 0.9515465188884198, 0.9500521247119397, 0.949757277810309, 0.950645462769315, 0.9526210076338519, 0.9555159481850996, 0.9591022748051099, 0.9631086635154215, 0.9672404315779188, 0.9712012036394763, 0.9747146441297204, 0.9775446105458767, 0.9795122050242125, 0.9805084351536201, 0.9805015211518595, 0.9795382836355268, 0.977739489636855, 0.975289496369341, 0.9724209810803042, 0.9693959466982105, 0.9664845114286985, 0.9639431931073194, 0.9619944603822549, 0.960809229137438, 0.9604937361802173, 0.9610818425687561, 0.9625333414799927, 0.9647383175889458, 0.9675270797231522, 0.9706847180289415, 0.9739689651835497, 0.9771297996733633, 0.9799291338015828, 0.9821589803254827, 0.9836566762895416, 0.9843160371511173, 0.9840936883306798, 0.9830102410116538, 0.98114640968133, 0.9786345770121774, 0.9756466664346221, 0.9723794575728818, 0.9690386538564242, 0.965823071858674, 0.962910264102729, 0.9604447171382817, 0.9585295007073021, 0.9572219068891717, 0.9565332421150005, 0.9564325552843884, 0.9568537372093818, 0.9577051418331974, 0.9588806829336739, 0.9602712671816324, 0.9617754412482011, 0.9633082526807086, 0.9648075375489629, 0.9662371304347547, 0.9675868162345921, 0.9688691769871587, 0.9701137983304797, 0.9713595593186257, 0.9726459114620853, 0.9740041410375224, 0.9754495955898066, 0.9769757442094023, 0.9785507447526176, 0.9801169312725404, 0.9815933389686291, 0.9828810819599059, 0.9838711203794118, 0.9844537231290066, 0.9845287705256166, 0.9840159590451607, 0.9828639727209937]
[0.0, 0.01, 0.02, 0.03, 0.04, 0.05, 0.06, 0.07, 0.08, 0.09, 0.1, 0.11, 0.12, 0.13, 0.14, 0.15, 0.16, 0.17, 0.18, 0.19, 0.2, 0.21, 0.22, 0.23, 0.24, 0.25, 0.26, 0.27, 0.28, 0.29, 0.3, 0.31, 0.32, 0.33, 0.34, 0.35, 0.36, 0.37, 0.38, 0.39, 0.4, 0.41, 0.42, 0.43, 0.44, 0.45, 0.46, 0.47, 0.48, 0.49, 0.5, 0.51, 0.52, 0.53, 0.54, 0.55, 0.56, 0.57, 0.58, 0.59, 0.6, 0.61, 0.62, 0.63, 0.64, 0.65, 0.66, 0.67, 0.68, 0.69, 0.7, 0.71, 0.72, 0.73, 0.74, 0.75, 0.76, 0.77, 0.78, 0.79, 0.8, 0.81, 0.82, 0.83, 0.84, 0.85, 0.86, 0.87, 0.88, 0.89, 0.9, 0.91, 0.92, 0.93, 0.94, 0.95, 0.96, 0.97, 0.98, 0.99, 1.0, 1.01, 1.02, 1.03, 1.04, 1.05, 1.06, 1.07, 1.08, 1.09, 1.1, 1.11, 1.12, 1.13, 1.14, 1.15, 1.16, 1.17, 1.18, 1.19, 1.2, 1.21, 1.22, 1.23, 1.24, 1.25, 1.26, 1.27, 1.28, 1.29, 1.3, 1.31, 1.32, 1.33, 1.34, 1.35, 1.36, 1.37, 1.38, 1.39, 1.4, 1.41, 1.42, 1.43, 1.44, 1.45, 1.46, 1.47, 1.48, 1.49, 1.5, 1.51, 1.52, 1.53, 1.54, 1.55, 1.56, 1.57, 1.58, 1.59, 1.6, 1.61, 1.62, 1.63, 1.64, 1.65, 1.66, 1.67, 1.68, 1.69, 1.7, 1.71, 1.72, 1.73, 1.74, 1.75, 1.76, 1.77, 1.78, 1.79, 1.8, 1.81, 1.82, 1.83, 1.84, 1.85, 1.86, 1.87, 1.88, 1.89, 1.9, 1.91, 1.92, 1.93, 1.94, 1.95, 1.96, 1.97, 1.98, 1.99, 2.0]
