Hermiticity check passed!
Symmetry checks passed!
Hermiticity check passed!
Symmetry checks passed!
  (0, 0)	-50.0
  (0, 1)	-30.4438
  (1, 0)	-30.443800000000014
  (1, 1)	-42.0
  (1, 2)	-12.17752
  (1, 3)	-12.17752
  (1, 8)	-12.17752
  (1, 9)	-17.221613940069613
  (1, 11)	-17.221613940069613
  (1, 78)	-12.17752
  (1, 79)	-17.221613940069613
  (1, 81)	-17.221613940069613
  (2, 1)	-12.17752
  (2, 2)	-38.0
  (2, 4)	-12.17752
  (2, 5)	-6.08876
  (2, 10)	-12.17752
  (2, 13)	-12.17752
  (2, 17)	-8.610806970034806
  (2, 80)	-12.17752
  (2, 83)	-12.17752
  (2, 87)	-8.610806970034806
  (3, 1)	-12.17752
  (3, 3)	-34.0
  (3, 4)	-6.08876
  :	:
  (170439, 137926)	-6.08876
  (170439, 140820)	-8.610806970034806
  (170439, 140882)	-6.08876
  (170439, 142529)	-6.08876
  (170439, 143511)	-6.08876
  (170439, 147378)	-6.08876
  (170439, 147410)	-6.08876
  (170439, 147972)	-6.08876
  (170439, 148846)	-6.08876
  (170439, 160490)	-6.08876
  (170439, 160557)	-6.08876
  (170439, 166423)	-6.08876
  (170439, 166958)	-6.08876
  (170439, 167099)	-6.08876
  (170439, 169966)	-6.08876
  (170439, 169996)	-6.08876
  (170439, 170059)	-8.610806970034806
  (170439, 170060)	-6.08876
  (170439, 170077)	-6.08876
  (170439, 170109)	-6.08876
  (170439, 170183)	-6.08876
  (170439, 170189)	-8.610806970034806
  (170439, 170217)	-6.08876
  (170439, 170351)	-8.610806970034806
  (170439, 170439)	10.0
  (0, 1)	-5.0
  (1, 0)	-5.000000000000002
  (1, 2)	-2.0
  (1, 3)	-2.0
  (1, 8)	-2.0
  (1, 9)	-2.8284271247461903
  (1, 11)	-2.8284271247461903
  (1, 78)	-2.0
  (1, 79)	-2.8284271247461903
  (1, 81)	-2.8284271247461903
  (2, 1)	-2.0
  (2, 4)	-2.0
  (2, 5)	-1.0
  (2, 10)	-2.0
  (2, 13)	-2.0
  (2, 17)	-1.4142135623730951
  (2, 80)	-2.0
  (2, 83)	-2.0
  (2, 87)	-1.4142135623730951
  (3, 1)	-2.0
  (3, 4)	-1.0
  (3, 5)	-2.0
  (3, 12)	-2.0
  (3, 15)	-2.0
  (3, 21)	-1.4142135623730951
  :	:
  (170439, 137900)	-1.0
  (170439, 137926)	-1.0
  (170439, 140820)	-1.4142135623730951
  (170439, 140882)	-1.0
  (170439, 142529)	-1.0
  (170439, 143511)	-1.0
  (170439, 147378)	-1.0
  (170439, 147410)	-1.0
  (170439, 147972)	-1.0
  (170439, 148846)	-1.0
  (170439, 160490)	-1.0
  (170439, 160557)	-1.0
  (170439, 166423)	-1.0
  (170439, 166958)	-1.0
  (170439, 167099)	-1.0
  (170439, 169966)	-1.0
  (170439, 169996)	-1.0
  (170439, 170059)	-1.4142135623730951
  (170439, 170060)	-1.0
  (170439, 170077)	-1.0
  (170439, 170109)	-1.0
  (170439, 170183)	-1.0
  (170439, 170189)	-1.4142135623730951
  (170439, 170217)	-1.0
  (170439, 170351)	-1.4142135623730951
[-154.3309723  -138.42753847]
[[-0.0024081  -0.02525937]
 [-0.00825256 -0.07336877]
 [-0.00664805 -0.04851446]
 ...
 [-0.00121945  0.00059403]
 [-0.00087174  0.0004343 ]
 [-0.00141116  0.00071762]]
[-25. -21.]
[[ 0.00024414  0.00103941]
 [ 0.0012207   0.00436553]
 [ 0.0012207   0.00387542]
 ...
 [ 0.00244141 -0.0064095 ]
 [ 0.00172633 -0.00375367]
 [ 0.00244141 -0.00761989]]
[[ 0.00024414+0.j          0.0012207 +0.j          0.0012207 +0.j
  ...  0.00244141+0.j          0.00172633+0.j
   0.00244141+0.j        ]
 [-0.00011159+0.00023405j -0.00045938+0.00119901j -0.0004098 +0.00121036j
  ...  0.00044738+0.00235819j  0.00031644+0.00166745j
   0.00035515+0.00238568j]
 [-0.00020276-0.00023205j -0.00113499-0.00095635j -0.00118203-0.00085215j
  ... -0.00212921+0.00082157j -0.00150496+0.00058151j
  -0.00222943+0.00066697j]
 ...
 [ 0.00155226+0.00047988j  0.00359279+0.00024346j  0.00165361-0.00159132j
  ... -0.00115643-0.000956j   -0.00075424-0.0005493j
  -0.00135527-0.00134704j]
 [ 0.00015119+0.00194715j  0.00165574+0.00455772j  0.00289111+0.00184529j
  ...  0.00083298-0.00120761j  0.00048548-0.00074706j
   0.00118771-0.00148801j]
 [-0.00221483+0.00091766j -0.005053  +0.00381871j -0.00169481+0.00412088j
  ...  0.00123202+0.00069585j  0.00072993+0.0004264j
   0.00158136+0.00099303j]]
[1.0, 0.9999999999999993, 1.0, 0.9999999999999976, 0.999999999999992, 1.000000000000007, 1.0000000000000044, 1.000000000000011, 1.0000000000000049, 1.0000000000000004, 1.000000000000007, 1.0000000000000102, 1.0000000000000093, 1.000000000000008, 1.0000000000000049, 1.00000000000002, 1.0000000000000178, 1.0000000000000115, 1.0000000000000178, 1.0000000000000053, 1.0000000000000226, 1.0000000000000244, 1.0000000000000258, 1.0000000000000204, 1.0000000000000178, 1.0000000000000253, 1.000000000000023, 1.000000000000032, 1.0000000000000249, 1.00000000000002, 1.0000000000000377, 1.0000000000000333, 1.0000000000000315, 1.000000000000031, 1.0000000000000289, 1.0000000000000395, 1.0000000000000395, 1.0000000000000395, 1.0000000000000338, 1.0000000000000293, 1.0000000000000462, 1.000000000000048, 1.000000000000044, 1.0000000000000422, 1.0000000000000386, 1.0000000000000542, 1.000000000000052, 1.0000000000000466, 1.0000000000000462, 1.0000000000000386, 1.0000000000000537, 1.0000000000000528, 1.0000000000000502, 1.0000000000000502, 1.0000000000000426, 1.0000000000000595, 1.0000000000000542, 1.0000000000000564, 1.000000000000059, 1.000000000000048, 1.0000000000000662, 1.0000000000000635, 1.0000000000000644, 1.0000000000000595, 1.0000000000000564, 1.0000000000000666, 1.0000000000000675, 1.0000000000000737, 1.0000000000000662, 1.000000000000064, 1.0000000000000782, 1.0000000000000724, 1.0000000000000773, 1.0000000000000706, 1.000000000000068, 1.0000000000000848, 1.0000000000000764, 1.0000000000000773, 1.0000000000000782, 1.0000000000000684, 1.000000000000087, 1.000000000000087, 1.000000000000084, 1.00000000000008, 1.0000000000000786, 1.0000000000000884, 1.0000000000000906, 1.000000000000095, 1.000000000000088, 1.0000000000000782, 1.0000000000000946, 1.000000000000095, 1.0000000000000946, 1.0000000000000915, 1.0000000000000906, 1.000000000000099, 1.0000000000001021, 1.0000000000001017, 1.0000000000000946, 1.0000000000000955, 1.0000000000001061, 1.000000000000107, 1.0000000000001044, 1.0000000000000981, 1.0000000000000937, 1.0000000000001106, 1.0000000000001115, 1.0000000000001128, 1.0000000000001026, 1.0000000000001, 1.0000000000001181, 1.0000000000001132, 1.000000000000116, 1.0000000000001088, 1.0000000000001092, 1.0000000000001177, 1.0000000000001203, 1.00000000000012, 1.0000000000001181, 1.0000000000001101, 1.0000000000001252, 1.0000000000001266, 1.000000000000123, 1.0000000000001212, 1.0000000000001203, 1.000000000000132, 1.0000000000001315, 1.0000000000001306, 1.0000000000001288, 1.0000000000001283, 1.000000000000131, 1.0000000000001417, 1.0000000000001346, 1.0000000000001292, 1.0000000000001323, 1.0000000000001399, 1.0000000000001346, 1.0000000000001381, 1.0000000000001377, 1.0000000000001363, 1.0000000000001465, 1.0000000000001488, 1.000000000000142, 1.0000000000001439, 1.0000000000001434, 1.0000000000001545, 1.000000000000154, 1.000000000000151, 1.00000000000015, 1.0000000000001417, 1.000000000000158, 1.0000000000001554, 1.0000000000001563, 1.0000000000001572, 1.000000000000151, 1.00000000000017, 1.0000000000001634, 1.000000000000158, 1.0000000000001603, 1.000000000000155, 1.0000000000001692, 1.0000000000001688, 1.0000000000001674, 1.0000000000001639, 1.0000000000001559, 1.0000000000001688, 1.0000000000001728, 1.0000000000001714, 1.0000000000001683, 1.0000000000001639, 1.0000000000001767, 1.0000000000001794, 1.000000000000179, 1.0000000000001745, 1.0000000000001736, 1.0000000000001874, 1.0000000000001878, 1.0000000000001816, 1.0000000000001847, 1.0000000000001754, 1.0000000000001896, 1.0000000000001923, 1.0000000000001847, 1.00000000000019, 1.0000000000001816, 1.0000000000001985, 1.0000000000001932, 1.0000000000001954, 1.0000000000001932, 1.00000000000019, 1.0000000000001998, 1.0000000000001967, 1.0000000000001936, 1.0000000000001998, 1.0000000000001905, 1.0000000000002012, 1.0000000000001985, 1.0000000000001998, 1.0000000000002012, 1.0000000000001976, 1.0000000000002074]
[-152.21899999988005, -152.21900000000025, -152.21900000000025, -152.21899999999948, -152.2189999999996, -152.21900000000002, -152.219, -152.2190000000001, -152.21899999999886, -152.21900000000022, -152.2190000000007, -152.21899999999934, -152.21899999999982, -152.21900000000034, -152.21899999999994, -152.2189999999989, -152.2189999999998, -152.21900000000187, -152.2190000000002, -152.2190000000004, -152.2190000000004, -152.21899999999906, -152.21899999999943, -152.2190000000001, -152.21900000000002, -152.21899999999962, -152.21900000000088, -152.2189999999991, -152.21900000000025, -152.21900000000005, -152.21899999999903, -152.21900000000053, -152.21900000000036, -152.2189999999997, -152.21900000000022, -152.21900000000045, -152.21899999999954, -152.21899999999954, -152.21900000000048, -152.21900000000065, -152.21899999999934, -152.2190000000003, -152.21900000000014, -152.21900000000025, -152.219, -152.2189999999991, -152.21900000000045, -152.219, -152.21899999999948, -152.21899999999988, -152.2190000000002, -152.21900000000048, -152.21900000000122, -152.21900000000076, -152.21900000000107, -152.21900000000113, -152.21900000000113, -152.21900000000002, -152.2189999999998, -152.21899999999997, -152.2189999999992, -152.2190000000005, -152.21900000000065, -152.21900000000056, -152.21899999999985, -152.21900000000096, -152.2190000000006, -152.21899999999923, -152.21899999999988, -152.21900000000034, -152.2189999999999, -152.21900000000028, -152.21899999999954, -152.21900000000008, -152.21900000000025, -152.2189999999995, -152.2190000000006, -152.21900000000028, -152.21900000000048, -152.2190000000002, -152.2189999999996, -152.2189999999996, -152.21900000000005, -152.21900000000045, -152.21900000000036, -152.21900000000065, -152.2190000000004, -152.2189999999997, -152.2190000000002, -152.21900000000053, -152.21900000000014, -152.2190000000006, -152.21900000000065, -152.2190000000002, -152.21900000000025, -152.2190000000009, -152.21899999999965, -152.21900000000028, -152.21900000000127, -152.21900000000045, -152.21900000000036, -152.2189999999995, -152.21900000000014, -152.21900000000178, -152.21900000000107, -152.2190000000007, -152.21900000000022, -152.21899999999937, -152.2190000000018, -152.21900000000048, -152.21899999999945, -152.21900000000085, -152.21899999999982, -152.21900000000102, -152.2190000000013, -152.21900000000147, -152.2190000000001, -152.21900000000036, -152.21900000000028, -152.21900000000105, -152.21900000000073, -152.219000000001, -152.21900000000088, -152.2190000000006, -152.21900000000048, -152.21900000000065, -152.2190000000006, -152.21900000000085, -152.21900000000045, -152.21899999999906, -152.21900000000156, -152.2189999999995, -152.21900000000042, -152.2190000000016, -152.21900000000025, -152.21900000000105, -152.21900000000193, -152.2190000000021, -152.21900000000025, -152.21899999999988, -152.21900000000076, -152.21900000000016, -152.21900000000113, -152.21900000000028, -152.21900000000005, -152.2190000000002, -152.21899999999997, -152.219000000001, -152.21900000000088, -152.2190000000011, -152.21900000000065, -152.21900000000184, -152.21900000000082, -152.21900000000002, -152.2190000000002, -152.2189999999999, -152.2190000000009, -152.21900000000136, -152.21900000000127, -152.21900000000062, -152.21900000000016, -152.2190000000008, -152.21900000000102, -152.21900000000088, -152.21900000000144, -152.2190000000012, -152.2190000000005, -152.21900000000164, -152.2190000000009, -152.21900000000014, -152.21900000000159, -152.21900000000076, -152.2190000000006, -152.21899999999928, -152.21899999999968, -152.21900000000008, -152.21900000000147, -152.21900000000116, -152.2189999999994, -152.21900000000085, -152.21900000000065, -152.2189999999999, -152.2190000000013, -152.2190000000005, -152.21900000000005, -152.21900000000005, -152.21900000000073, -152.2190000000009, -152.21900000000048, -152.21900000000082, -152.21900000000008, -152.2190000000012, -152.2190000000019, -152.21900000000062, -152.21900000000178, -152.2190000000013, -152.21900000000295, -152.21900000000159, -152.21900000000178, -152.21900000000076, -152.2190000000015]
[1.0, 0.9992042111575175, 0.9968669029954279, 0.9931347287550232, 0.9882406439698666, 0.9824876378282771, 0.9762277349318559, 0.9698378581984812, 0.963694354759494, 0.958148052429208, 0.9535016357610863, 0.9499909203038819, 0.947771282577092, 0.9469100985337778, 0.9473855854667432, 0.9490919638952839, 0.9518503900493743, 0.9554246888234696, 0.9595405723764245, 0.963906788062813, 0.9682365220415454, 0.9722674037444916, 0.9757786120686092, 0.9786038645540978, 0.9806394510892501, 0.9818469182390989, 0.9822504764790979, 0.9819296457075845, 0.9810080330461424, 0.9796394180127629, 0.9779924823669762, 0.9762355574036193, 0.9745226753919742, 0.9729820203912495, 0.9717076008951194, 0.9707546412419752, 0.9701388404758622, 0.9698393054019165, 0.9698046554048426, 0.9699615429812698, 0.9702246541704482, 0.9705071601083566, 0.9707305914241922, 0.9708332005112865, 0.9707760542440532, 0.9705463449208724, 0.9701576965311989, 0.9696475483667595, 0.9690719880530851, 0.9684986523208865, 0.9679984922746588, 0.9676372942615896, 0.9674678507502037, 0.967523590586645, 0.9678143159820185, 0.9683244727663939, 0.9690141234207761, 0.9698225237704343, 0.9706739484495541, 0.9714851898770589, 0.9721739897654775, 0.9726675659033823, 0.9729103793873572, 0.9728703514937806, 0.9725428806951844, 0.9719522172840404, 0.9711500070843553, 0.9702110926505315, 0.9692269327046914, 0.9682972405335147, 0.9675206247462662, 0.9669851222061085, 0.966759532289921, 0.9668863924107614, 0.9673772846019146, 0.9682109473983661, 0.9693344074692222, 0.9706670659079336, 0.9721074000586823, 0.973541697282505, 0.9748540433144264, 0.9759366618798979, 0.9766996559519182, 0.9770792403338564, 0.9770436791994129, 0.9765963424250872, 0.9757755550813425, 0.9746512124953207, 0.9733184408361764, 0.9718888696387086, 0.9704803184085362, 0.9692058593892662, 0.968163285601928, 0.96742598049792, 0.9670360571173103, 0.9670004247753485, 0.9672901721012797, 0.9678433534335038, 0.9685709590398421, 0.9693655645321654, 0.9701119135325352, 0.9706985076841567, 0.9710291721021369, 0.9710335402777115, 0.9706754637982707, 0.9699584979313088, 0.9689278377975182, 0.9676683690225992, 0.966298832046195, 0.9649624545197422, 0.9638147497870149, 0.9630094768805718, 0.9626839755300535, 0.9629452008969385, 0.9638577698147494, 0.965435189307677, 0.9676351798536327, 0.9703596547208981, 0.9734595077447153, 0.9767439359655314, 0.9799936219685077, 0.9829767604762674, 0.9854666635416968, 0.9872595371545952, 0.9881909971942487, 0.9881499826750161, 0.9870889192416908, 0.9850292695538825, 0.9820619582966549, 0.9783425529994514, 0.9740814896618473, 0.9695300244860153, 0.9649629394071246, 0.9606593006931375, 0.9568827418297465, 0.9538627963021875, 0.9517787343862504, 0.9507471637110251, 0.950814351153473, 0.9519538394826672, 0.9540695003477805, 0.9570037245372004, 0.9605500400231864, 0.9644691033115204, 0.9685067578835498, 0.9724127133817368, 0.9759583786297403, 0.9789524785325108, 0.9812532884214039, 0.9827766112224242, 0.9834989790175566, 0.9834559532097495, 0.9827357962361596, 0.981469161497333, 0.9798157669291999, 0.977949254822328, 0.9760415751723115, 0.9742482491072383, 0.9726957697171698, 0.9714721877007988, 0.9706216271545087, 0.9701431103232193, 0.9699936735547047, 0.9700953674017715, 0.9703453881596188, 0.9706283176467444, 0.9708292762760764, 0.9708467348655945, 0.9706037856920026, 0.9700568348991702, 0.9692009292358693, 0.9680712458406553, 0.9667406254767259, 0.9653133863695881, 0.9639159873082666, 0.962685387461971, 0.9617561537190383, 0.9612474778780948, 0.961251276777917, 0.9618224576679317, 0.9629722463219739, 0.9646652119862729, 0.9668203034197042, 0.9693158613268045, 0.9719982245804084, 0.9746932312660492, 0.9772196588408189, 0.9794034736888849, 0.9810916850133147, 0.9821646285061364, 0.9825456391995719, 0.982207298434556, 0.9811737365777895, 0.9795188138847056, 0.9773603555298186, 0.9748509510328672, 0.972166112987278, 0.9694908002154426, 0.967005428923105, 0.964872513940231, 0.9632250021697522]
[0.0, 0.01, 0.02, 0.03, 0.04, 0.05, 0.06, 0.07, 0.08, 0.09, 0.1, 0.11, 0.12, 0.13, 0.14, 0.15, 0.16, 0.17, 0.18, 0.19, 0.2, 0.21, 0.22, 0.23, 0.24, 0.25, 0.26, 0.27, 0.28, 0.29, 0.3, 0.31, 0.32, 0.33, 0.34, 0.35, 0.36, 0.37, 0.38, 0.39, 0.4, 0.41, 0.42, 0.43, 0.44, 0.45, 0.46, 0.47, 0.48, 0.49, 0.5, 0.51, 0.52, 0.53, 0.54, 0.55, 0.56, 0.57, 0.58, 0.59, 0.6, 0.61, 0.62, 0.63, 0.64, 0.65, 0.66, 0.67, 0.68, 0.69, 0.7, 0.71, 0.72, 0.73, 0.74, 0.75, 0.76, 0.77, 0.78, 0.79, 0.8, 0.81, 0.82, 0.83, 0.84, 0.85, 0.86, 0.87, 0.88, 0.89, 0.9, 0.91, 0.92, 0.93, 0.94, 0.95, 0.96, 0.97, 0.98, 0.99, 1.0, 1.01, 1.02, 1.03, 1.04, 1.05, 1.06, 1.07, 1.08, 1.09, 1.1, 1.11, 1.12, 1.13, 1.14, 1.15, 1.16, 1.17, 1.18, 1.19, 1.2, 1.21, 1.22, 1.23, 1.24, 1.25, 1.26, 1.27, 1.28, 1.29, 1.3, 1.31, 1.32, 1.33, 1.34, 1.35, 1.36, 1.37, 1.38, 1.39, 1.4, 1.41, 1.42, 1.43, 1.44, 1.45, 1.46, 1.47, 1.48, 1.49, 1.5, 1.51, 1.52, 1.53, 1.54, 1.55, 1.56, 1.57, 1.58, 1.59, 1.6, 1.61, 1.62, 1.63, 1.64, 1.65, 1.66, 1.67, 1.68, 1.69, 1.7, 1.71, 1.72, 1.73, 1.74, 1.75, 1.76, 1.77, 1.78, 1.79, 1.8, 1.81, 1.82, 1.83, 1.84, 1.85, 1.86, 1.87, 1.88, 1.89, 1.9, 1.91, 1.92, 1.93, 1.94, 1.95, 1.96, 1.97, 1.98, 1.99, 2.0]
