Hermiticity check passed!
Symmetry checks passed!
Hermiticity check passed!
Symmetry checks passed!
  (0, 0)	-18.0
  (0, 1)	-18.26628
  (1, 0)	-18.26628
  (1, 1)	-10.0
  (1, 2)	-12.17752
  (1, 4)	-12.17752
  (1, 5)	-17.221613940069613
  (2, 1)	-12.17752
  (2, 2)	-6.0
  (2, 3)	-10.546041675093077
  (2, 6)	-12.17752
  (2, 7)	-8.610806970034806
  (3, 2)	-10.546041675093075
  (3, 3)	-6.0
  (3, 8)	-14.914355166268502
  (4, 1)	-12.17752
  (4, 4)	-6.0
  (4, 6)	-12.17752
  (4, 11)	-10.546041675093077
  (4, 12)	-8.610806970034806
  (5, 1)	-17.221613940069613
  (5, 5)	-2.0
  (5, 6)	-8.610806970034806
  (5, 7)	-12.17752
  (5, 12)	-12.17752
  :	:
  (13, 12)	-6.08876
  (13, 13)	-14.17752
  (13, 15)	-12.17752
  (14, 7)	-8.610806970034806
  (14, 9)	-6.08876
  (14, 12)	-8.610806970034806
  (14, 14)	6.0
  (14, 17)	-12.17752
  (15, 6)	-8.610806970034806
  (15, 10)	-6.08876
  (15, 12)	-12.17752
  (15, 13)	-12.17752
  (15, 15)	2.0
  (15, 17)	-8.610806970034806
  (16, 5)	-10.546041675093075
  (16, 16)	6.0
  (16, 17)	-14.914355166268502
  (17, 6)	-6.08876
  (17, 7)	-8.610806970034806
  (17, 10)	-8.610806970034806
  (17, 12)	-8.610806970034806
  (17, 14)	-12.17752
  (17, 15)	-8.610806970034806
  (17, 16)	-14.914355166268503
  (17, 17)	-6.1775199999999995
  (0, 1)	-3.0
  (1, 0)	-3.0
  (1, 2)	-2.0
  (1, 4)	-2.0
  (1, 5)	-2.8284271247461903
  (2, 1)	-2.0
  (2, 3)	-1.7320508075688772
  (2, 6)	-2.0
  (2, 7)	-1.4142135623730951
  (3, 2)	-1.7320508075688772
  (3, 8)	-2.449489742783178
  (4, 1)	-2.0
  (4, 6)	-2.0
  (4, 11)	-1.7320508075688772
  (4, 12)	-1.4142135623730951
  (5, 1)	-2.8284271247461903
  (5, 6)	-1.4142135623730951
  (5, 7)	-2.0
  (5, 12)	-2.0
  (5, 16)	-1.7320508075688772
  (6, 2)	-2.0
  (6, 4)	-2.0
  (6, 5)	-1.4142135623730951
  (6, 8)	-1.4142135623730951
  (6, 9)	-2.0
  :	:
  (13, 6)	-1.4142135623730951
  (13, 9)	-1.4142135623730951
  (13, 11)	-2.4494897427831783
  (13, 12)	-1.0
  (13, 13)	-2.0
  (13, 15)	-2.0
  (14, 7)	-1.4142135623730951
  (14, 9)	-1.0
  (14, 12)	-1.4142135623730951
  (14, 17)	-2.0
  (15, 6)	-1.4142135623730951
  (15, 10)	-1.0
  (15, 12)	-2.0
  (15, 13)	-2.0
  (15, 17)	-1.4142135623730951
  (16, 5)	-1.7320508075688772
  (16, 17)	-2.449489742783178
  (17, 6)	-1.0
  (17, 7)	-1.4142135623730951
  (17, 10)	-1.4142135623730951
  (17, 12)	-1.4142135623730951
  (17, 14)	-2.0
  (17, 15)	-1.4142135623730951
  (17, 16)	-2.4494897427831783
  (17, 17)	-2.0
[-55.62926284 -38.60057186]
[[ 0.14099032 -0.53334183]
 [ 0.29044566 -0.60149887]
 [ 0.23597522 -0.14780196]
 [ 0.1316099   0.05965863]
 [ 0.23597522 -0.14780196]
 [ 0.28628367 -0.22421347]
 [ 0.3901141   0.12396351]
 [ 0.23642182  0.0426912 ]
 [ 0.27108769  0.23491669]
 [ 0.19159044  0.16607767]
 [ 0.23204388  0.17164311]
 [ 0.1316099   0.05965863]
 [ 0.23642182  0.0426912 ]
 [ 0.27108769  0.23491669]
 [ 0.14053177  0.08594939]
 [ 0.23204388  0.17164311]
 [ 0.11700874  0.00429245]
 [ 0.28107169  0.17137919]]
[-9. -5.]
[[ 0.0625     -0.30233318]
 [ 0.1875     -0.50388864]
 [ 0.1875     -0.19505487]
 [ 0.10825318  0.01125934]
 [ 0.1875     -0.08311537]
 [ 0.26516504 -0.37338886]
 [ 0.375       0.12494067]
 [ 0.26516504 -0.16749958]
 [ 0.26516504  0.16090765]
 [ 0.1875      0.2257184 ]
 [ 0.26516504  0.06336804]
 [ 0.10825318  0.20514425]
 [ 0.26516504 -0.00919321]
 [ 0.26516504  0.47752039]
 [ 0.1875     -0.02416294]
 [ 0.26516504  0.22167442]
 [ 0.15309311 -0.15302045]
 [ 0.375      -0.04832589]]
[[ 0.0625    +0.j          0.1875    +0.j          0.1875    +0.j
  ...  0.26516504+0.j          0.15309311+0.j
   0.375     +0.j        ]
 [ 0.04777835+0.04238507j  0.15145859+0.11433532j  0.15510275+0.10775373j
  ...  0.22848426+0.13328708j  0.13421103+0.07130899j
   0.32874199+0.17469386j]
 [ 0.00900364+0.06736618j  0.05528562+0.18846571j  0.06812149+0.18037322j
  ...  0.12910223+0.2286559j   0.08291949+0.12342058j
   0.20301185+0.30247756j]
 ...
 [-0.1720475 -0.09170827j -0.3240114 -0.13916635j -0.24181523-0.08644532j
  ... -0.20941814-0.00958287j -0.11628239+0.01581386j
  -0.26464645+0.03868161j]
 [-0.10817915-0.16841045j -0.21911179-0.28999413j -0.17033542-0.20190333j
  ... -0.16572627-0.11834395j -0.09837382-0.04272647j
  -0.22457833-0.09747612j]
 [-0.01233744-0.20477433j -0.04938846-0.36893049j -0.04768241-0.26516858j
  ... -0.07192069-0.18517226j -0.05393406-0.08073476j
  -0.12201766-0.18615352j]]
[1.0000000000000004, 1.0000000000000004, 1.0000000000000004, 1.0000000000000004, 1.0000000000000004, 1.0000000000000004, 1.0000000000000004, 1.0000000000000004, 0.9999999999999989, 0.9999999999999971, 0.9999999999999944, 0.9999999999999982, 0.9999999999999953, 1.000000000000004, 0.9999999999999947, 1.0000000000000204, 1.0000000000000204, 1.0000000000000204, 1.0000000000000209, 1.0000000000000209, 1.0000000000000209, 1.0000000000000213, 1.0000000000000209, 1.0000000000000195, 1.0000000000000178, 1.0000000000000155, 1.0000000000000147, 1.000000000000012, 1.0000000000000115, 1.000000000000019, 1.0000000000000453, 1.0000000000000457, 1.0000000000000457, 1.0000000000000457, 1.0000000000000453, 1.0000000000000462, 1.0000000000000453, 1.0000000000000457, 1.0000000000000457, 1.0000000000000435, 1.0000000000000417, 1.0000000000000409, 1.0000000000000466, 1.0000000000000484, 1.000000000000059, 1.000000000000048, 1.0000000000000484, 1.000000000000048, 1.0000000000000484, 1.0000000000000484, 1.0000000000000484, 1.0000000000000488, 1.0000000000000488, 1.0000000000000475, 1.0000000000000444, 1.0000000000000449, 1.0000000000000444, 1.0000000000000417, 1.0000000000000613, 1.0000000000000528, 1.0000000000000608, 1.0000000000000608, 1.0000000000000608, 1.0000000000000608, 1.0000000000000613, 1.0000000000000608, 1.0000000000000622, 1.0000000000000608, 1.0000000000000608, 1.0000000000000604, 1.0000000000000586, 1.0000000000000497, 1.0000000000000417, 1.0000000000000449, 1.0000000000000373, 1.0000000000000235, 1.0000000000000235, 1.0000000000000235, 1.0000000000000235, 1.000000000000024, 1.000000000000024, 1.0000000000000235, 1.000000000000023, 1.0000000000000218, 1.0000000000000195, 1.0000000000000173, 1.0000000000000129, 1.0000000000000173, 1.0000000000000209, 1.0000000000000382, 1.0000000000000613, 1.0000000000000622, 1.0000000000000617, 1.0000000000000622, 1.0000000000000617, 1.0000000000000617, 1.0000000000000617, 1.0000000000000613, 1.0000000000000604, 1.000000000000059, 1.0000000000000582, 1.0000000000000595, 1.000000000000067, 1.0000000000000426, 1.0000000000000755, 1.0000000000000235, 1.0000000000000235, 1.000000000000024, 1.0000000000000235, 1.0000000000000235, 1.000000000000024, 1.000000000000024, 1.000000000000024, 1.0000000000000235, 1.0000000000000222, 1.0000000000000218, 1.000000000000019, 1.000000000000016, 1.0000000000000302, 1.0000000000000178, 1.0000000000000142, 1.0000000000000147, 1.0000000000000147, 1.0000000000000147, 1.0000000000000147, 1.0000000000000147, 1.000000000000015, 1.000000000000015, 1.0000000000000147, 1.0000000000000129, 1.0000000000000098, 1.0000000000000036, 1.000000000000012, 1.000000000000011, 1.0000000000000022, 0.9999999999999847, 0.9999999999999847, 0.9999999999999847, 0.9999999999999849, 0.9999999999999847, 0.9999999999999847, 0.9999999999999851, 0.9999999999999856, 0.9999999999999849, 0.9999999999999847, 0.9999999999999829, 0.9999999999999867, 0.9999999999999749, 0.9999999999999865, 0.9999999999999369, 0.9999999999999594, 0.9999999999999596, 0.9999999999999594, 0.9999999999999594, 0.9999999999999589, 0.9999999999999594, 0.9999999999999589, 0.9999999999999591, 0.9999999999999594, 0.99999999999996, 0.9999999999999614, 0.9999999999999611, 0.9999999999999645, 0.9999999999999643, 0.9999999999999443, 0.9999999999998979, 0.9999999999998979, 0.9999999999998979, 0.9999999999998979, 0.9999999999998983, 0.9999999999998979, 0.9999999999998983, 0.9999999999998974, 0.9999999999998967, 0.9999999999998959, 0.9999999999998925, 0.9999999999998936, 0.9999999999998921, 0.9999999999998967, 0.9999999999998934, 0.9999999999999072, 0.9999999999999072, 0.9999999999999074, 0.999999999999907, 0.9999999999999072, 0.9999999999999072, 0.9999999999999072, 0.9999999999999076, 0.9999999999999059, 0.9999999999999039, 0.999999999999903, 0.9999999999998972, 0.9999999999999034, 0.9999999999998994, 0.9999999999999052, 0.9999999999999347, 0.9999999999999347, 0.9999999999999352, 0.9999999999999349, 0.9999999999999347, 0.9999999999999354]
[-54.79884, -54.79884000000002, -54.798840000000006, -54.798840000000006, -54.79884, -54.798840000000006, -54.798840000000006, -54.79883999999999, -54.79883999999999, -54.798839999999984, -54.79883999999996, -54.79883999999997, -54.79883999999996, -54.79883999999996, -54.79883999999992, -54.79884000000003, -54.79884000000003, -54.798840000000034, -54.798840000000034, -54.798840000000034, -54.79884000000003, -54.79884000000003, -54.79884000000002, -54.79884000000005, -54.79884000000001, -54.79884000000002, -54.79884000000005, -54.79884000000003, -54.79884000000005, -54.79884000000002, -54.79883999999982, -54.79883999999979, -54.79883999999979, -54.79883999999979, -54.79883999999981, -54.79883999999979, -54.79883999999981, -54.798839999999814, -54.79883999999979, -54.79883999999982, -54.79883999999981, -54.79883999999981, -54.798839999999814, -54.798839999999764, -54.79883999999978, -54.79883999999973, -54.79883999999971, -54.79883999999973, -54.798839999999714, -54.798839999999736, -54.79883999999973, -54.79883999999972, -54.7988399999997, -54.79883999999972, -54.798839999999736, -54.79883999999969, -54.798839999999714, -54.798839999999714, -54.79883999999976, -54.79883999999977, -54.79883999999998, -54.79883999999998, -54.798839999999984, -54.79883999999999, -54.79883999999997, -54.79883999999999, -54.79883999999998, -54.798839999999984, -54.79883999999998, -54.79883999999995, -54.798839999999984, -54.798839999999984, -54.798839999999956, -54.79883999999997, -54.798839999999956, -54.79884000000008, -54.798840000000084, -54.7988400000001, -54.79884000000009, -54.7988400000001, -54.7988400000001, -54.7988400000001, -54.7988400000001, -54.7988400000001, -54.79884000000009, -54.79884000000009, -54.798840000000084, -54.798840000000055, -54.79884000000008, -54.798840000000084, -54.79884000000014, -54.79884000000011, -54.79884000000012, -54.798840000000126, -54.798840000000126, -54.798840000000126, -54.79884000000012, -54.798840000000126, -54.79884000000011, -54.79884000000013, -54.79884000000011, -54.798840000000126, -54.798840000000126, -54.79884000000016, -54.79884000000019, -54.798840000000155, -54.798840000000155, -54.79884000000015, -54.79884000000015, -54.798840000000155, -54.79884000000015, -54.79884000000016, -54.79884000000016, -54.79884000000014, -54.79884000000015, -54.798840000000155, -54.79884000000014, -54.79884000000012, -54.79884000000017, -54.798840000000105, -54.798840000000084, -54.79884000000006, -54.79884000000008, -54.79884000000008, -54.79884000000008, -54.79884000000008, -54.798840000000084, -54.798840000000084, -54.79884000000006, -54.798840000000055, -54.79884000000007, -54.798840000000034, -54.79884000000007, -54.798840000000055, -54.79884000000008, -54.798840000000226, -54.79884000000023, -54.798840000000226, -54.79884000000022, -54.79884000000023, -54.798840000000226, -54.79884000000023, -54.798840000000226, -54.798840000000226, -54.79884000000023, -54.79884000000021, -54.79884000000023, -54.79884000000025, -54.798840000000254, -54.798840000000204, -54.79884000000028, -54.79884000000028, -54.79884000000029, -54.798840000000276, -54.79884000000028, -54.798840000000276, -54.79884000000029, -54.79884000000029, -54.798840000000276, -54.79884000000028, -54.79884000000028, -54.79884000000028, -54.798840000000304, -54.798840000000304, -54.79884000000031, -54.798840000000425, -54.79884000000043, -54.79884000000044, -54.79884000000044, -54.798840000000425, -54.79884000000044, -54.798840000000425, -54.79884000000043, -54.798840000000425, -54.79884000000043, -54.79884000000043, -54.798840000000425, -54.79884000000041, -54.79884000000037, -54.798840000000375, -54.79884000000044, -54.79884000000044, -54.798840000000446, -54.798840000000446, -54.798840000000446, -54.79884000000044, -54.798840000000446, -54.79884000000043, -54.79884000000044, -54.798840000000425, -54.798840000000425, -54.798840000000446, -54.79884000000044, -54.79884000000041, -54.798840000000375, -54.79884000000036, -54.79884000000036, -54.79884000000036, -54.79884000000037, -54.79884000000036, -54.798840000000354]
[1.0, 0.999203564658405, 0.996856700231265, 0.9930842476497159, 0.9880861400988294, 0.9821256996275984, 0.9755142268115606, 0.9685928017634436, 0.9617123965372669, 0.9552135203845226, 0.9494066688017414, 0.9445548162735347, 0.9408590771446276, 0.9384484614318241, 0.9373743821532466, 0.9376102449315074, 0.9390560928894575, 0.9415479185820271, 0.9448709201408876, 0.9487756997072976, 0.9529962025233925, 0.9572680910811648, 0.9613462474826157, 0.9650201958108268, 0.9681264230046602, 0.9705568325046572, 0.972262866297529, 0.9732551527174136, 0.9735988551197011, 0.9734051888612778, 0.972819823542812, 0.9720090813921866, 0.9711449725544039, 0.9703901692599531, 0.9698840118878207, 0.9697305620491934, 0.9699895748278335, 0.97067106090922, 0.971733859504452, 0.9730883584333385, 0.9746031959652264, 0.9761154807745815, 0.9774437943940959, 0.9784030176109029, 0.9788198686895142, 0.9785479724461871, 0.977481303117654, 0.9755649600196052, 0.9728024334783582, 0.9692587816185055, 0.9650594424672642, 0.960384723628547, 0.9554603169257211, 0.9505444547576352, 0.9459125410342888, 0.9418402419250305, 0.9385861064961944, 0.9363748063830365, 0.9353820422401005, 0.9357220696312329, 0.9374386548875872, 0.940500087998059, 0.9447986598869428, 0.9501547610952676, 0.9563254856976062, 0.9630173397134073, 0.9699023732588743, 0.976636800347532, 0.9828809622660262, 0.9883193523582554, 0.9926793708617274, 0.9957475302859952, 0.9973819872650762, 0.9975205274254387, 0.9961834563630829, 0.9934712241465523, 0.9895569989910119, 0.9846747724576256, 0.9791038910983941, 0.9731511419499292, 0.9671316552282225, 0.9613499213449727, 0.956082155811508, 0.9515610983076509, 0.9479641206666233, 0.945405264883536, 0.9439315581386806, 0.9435236760575868, 0.944100762762054, 0.9455289773364347, 0.9476331285815844, 0.9502105890538173, 0.9530465507815215, 0.955929604707561, 0.958666600435933, 0.9610957785794658, 0.9630972692508161, 0.9646002173838306, 0.9655860232567997, 0.9660874627012398, 0.9661837572471837, 0.9659919757745317, 0.9656554391019567, 0.9653300405915153, 0.9651695661268772, 0.965311179187288, 0.9658622233759269, 0.9668893875204194, 0.968411088444503, 0.970393672410821, 0.9727517417737173, 0.9753526042517158, 0.9780245431117058, 0.9805683386591652, 0.9827712509124706, 0.9844225107702308, 0.9853292677322134, 0.9853319075711604, 0.9843176817929667, 0.9822316792526168, 0.9790843150770099, 0.9749547084382928, 0.969989562603988, 0.9643974393607889, 0.9584386229254362, 0.9524110789004698, 0.9466333104228676, 0.9414251719668862, 0.9370878960888676, 0.9338846969596108, 0.9320233200208499, 0.9316418019224799, 0.9327984928048851, 0.9354670896783467, 0.9395370614577647, 0.9448194470794989, 0.9510576152887987, 0.9579422238111337, 0.9651293363076375, 0.9722604679074818, 0.9789832431777534, 0.9849713620738242, 0.989942668431798, 0.9936742844096766, 0.996013992685747, 0.996887296390711, 0.9962998477769474, 0.9943351976869228, 0.9911480701296347, 0.9869536036639075, 0.9820132187399615, 0.9766179616485301, 0.9710703329420275, 0.9656657201156423, 0.9606746081538888, 0.9563267246975289, 0.9527981796154058, 0.950202478368553, 0.9485860300369156, 0.9479284493848404, 0.9481475923722742, 0.9491088976627962, 0.9506382678419472, 0.9525374468346021, 0.954600662045415, 0.956631218948766, 0.9584567681256237, 0.959942103601378, 0.9609985793968056, 0.9615895231479334, 0.9617313520483679, 0.9614904276125156, 0.9609759954434901, 0.960329823440271, 0.9597133624094482, 0.9592933990070382, 0.9592272498370509, 0.9596485587027695, 0.9606547100440928, 0.9622967652387945, 0.964572670090981, 0.9674242777273722, 0.9707384891015667, 0.9743525437031918, 0.9780632094595197, 0.9816393402108885, 0.9848370113698665, 0.9874162306170214, 0.9891580710599632, 0.9898810060166332, 0.9894552482318376, 0.9878140145111858, 0.9849608428303911, 0.9809723672240944, 0.9759962828143416, 0.9702445808113929, 0.9639824711447038, 0.9575137103960648, 0.9511632918395091, 0.945258616961003, 0.9401103465944112]
[0.0, 0.01, 0.02, 0.03, 0.04, 0.05, 0.06, 0.07, 0.08, 0.09, 0.1, 0.11, 0.12, 0.13, 0.14, 0.15, 0.16, 0.17, 0.18, 0.19, 0.2, 0.21, 0.22, 0.23, 0.24, 0.25, 0.26, 0.27, 0.28, 0.29, 0.3, 0.31, 0.32, 0.33, 0.34, 0.35, 0.36, 0.37, 0.38, 0.39, 0.4, 0.41, 0.42, 0.43, 0.44, 0.45, 0.46, 0.47, 0.48, 0.49, 0.5, 0.51, 0.52, 0.53, 0.54, 0.55, 0.56, 0.57, 0.58, 0.59, 0.6, 0.61, 0.62, 0.63, 0.64, 0.65, 0.66, 0.67, 0.68, 0.69, 0.7, 0.71, 0.72, 0.73, 0.74, 0.75, 0.76, 0.77, 0.78, 0.79, 0.8, 0.81, 0.82, 0.83, 0.84, 0.85, 0.86, 0.87, 0.88, 0.89, 0.9, 0.91, 0.92, 0.93, 0.94, 0.95, 0.96, 0.97, 0.98, 0.99, 1.0, 1.01, 1.02, 1.03, 1.04, 1.05, 1.06, 1.07, 1.08, 1.09, 1.1, 1.11, 1.12, 1.13, 1.14, 1.15, 1.16, 1.17, 1.18, 1.19, 1.2, 1.21, 1.22, 1.23, 1.24, 1.25, 1.26, 1.27, 1.28, 1.29, 1.3, 1.31, 1.32, 1.33, 1.34, 1.35, 1.36, 1.37, 1.38, 1.39, 1.4, 1.41, 1.42, 1.43, 1.44, 1.45, 1.46, 1.47, 1.48, 1.49, 1.5, 1.51, 1.52, 1.53, 1.54, 1.55, 1.56, 1.57, 1.58, 1.59, 1.6, 1.61, 1.62, 1.63, 1.64, 1.65, 1.66, 1.67, 1.68, 1.69, 1.7, 1.71, 1.72, 1.73, 1.74, 1.75, 1.76, 1.77, 1.78, 1.79, 1.8, 1.81, 1.82, 1.83, 1.84, 1.85, 1.86, 1.87, 1.88, 1.89, 1.9, 1.91, 1.92, 1.93, 1.94, 1.95, 1.96, 1.97, 1.98, 1.99, 2.0]
