# J E/N
0.0 -0.3710000000000006
0.0025 -0.3710503818908665
0.005 -0.3712031157429212
0.0075 -0.3714607399429775
0.01 -0.37182603899932976
0.0125 -0.37230209549220905
0.015 -0.3728923472292895
0.0175 -0.373600649057897
0.02 -0.374431338233128
0.0225 -0.37538930142245985
0.025 -0.37648004025898274
0.0275 -0.37770973075569336
0.03 -0.3790852698096548
0.0325 -0.38061429948201947
0.035 -0.3823051969169488
0.0375 -0.3841670150963008
0.04 -0.38620935792139055
0.0425 -0.38844217359437994
0.045 -0.39087545448306343
0.0475 -0.39351884105062646
0.05 -0.3963811426024988
0.0525 -0.3994698072278185
0.055 -0.4027903933930204
0.0575 -0.40634610978792063
0.06 -0.4101374914304241
0.0625 -0.41416226480946433
0.065 -0.4184154249076932
0.0675 -0.4228895103323138
0.07 -0.42757503049041734
0.0725 -0.4324609797655863
0.075 -0.4375353712726594
0.0775 -0.44278573418616063
0.08 -0.448199537490792
0.0825 -0.45376452271527445
0.085 -0.45946894428043783
0.08750000000000001 -0.4653017266812719
0.09 -0.47125255305092456
0.0925 -0.47731190100032994
0.095 -0.4834710404957881
0.0975 -0.48972200619408546
0.1 -0.4960575539717326
