# J E/N
0.0 2.476317761956892e-16
0.0025 -5.038189086577842e-05
0.005 -0.00020311574292094427
0.0075 -0.00046073994297710357
0.01 -0.0008260389993301771
0.0125 -0.0013020954922095057
0.015 -0.0018923472292897727
0.0175 -0.0026006490578966233
0.02 -0.0034313382331274036
0.0225 -0.004389301422459408
0.025 -0.005480040258982829
0.0275 -0.006709730755694172
0.03 -0.008085269809655628
0.0325 -0.009614299482018897
0.035 -0.011305196916947919
0.0375 -0.013167015096301008
0.04 -0.015209357921390403
0.0425 -0.01744217359437924
0.045 -0.019875454483063076
0.0475 -0.02251884105062563
0.05 -0.025381142602498474
0.0525 -0.028469807227817272
0.055 -0.03179039339301908
0.0575 -0.035346109787919716
0.06 -0.039137491430424214
0.0625 -0.04316226480946482
0.065 -0.0474154249076921
0.0675 -0.051889510332313434
0.07 -0.05657503049041806
0.0725 -0.06146097976558708
0.075 -0.06653537127265924
0.0775 -0.07178573418615958
0.08 -0.07719953749079224
0.0825 -0.08276452271527478
0.085 -0.08846894428043778
0.08750000000000001 -0.09430172668127249
0.09 -0.10025255305092301
0.0925 -0.10631190100032853
0.095 -0.11247104049578782
0.0975 -0.11872200619408499
0.1 -0.12505755397173332
