Hermiticity check passed!
Symmetry checks passed!
Hermiticity check passed!
Symmetry checks passed!
  (0, 0)	-32.0
  (0, 1)	-1.217752
  (1, 0)	-1.2177520000000004
  (1, 1)	-24.0
  (1, 2)	-0.608876
  (1, 3)	-0.43054034850174033
  (1, 6)	-0.608876
  (1, 7)	-0.8610806970034807
  (1, 9)	-0.608876
  (1, 34)	-0.43054034850174033
  (1, 35)	-0.608876
  (1, 37)	-0.43054034850174033
  (2, 1)	-0.608876
  (2, 2)	-20.0
  (2, 4)	-0.608876
  (2, 8)	-0.608876
  (2, 11)	-0.608876
  (2, 36)	-0.43054034850174033
  (2, 39)	-0.43054034850174033
  (3, 1)	-0.43054034850174033
  (3, 3)	-16.0
  (3, 4)	-0.43054034850174033
  (3, 10)	-0.608876
  (3, 13)	-0.608876
  (3, 38)	-0.43054034850174033
  :	:
  (778, 528)	-0.608876
  (778, 561)	-0.8610806970034807
  (778, 715)	-0.608876
  (779, 557)	-0.608876
  (779, 580)	-0.43054034850174033
  (779, 686)	-0.43054034850174033
  (779, 688)	-0.608876
  (779, 704)	-0.43054034850174033
  (779, 715)	-0.43054034850174033
  (779, 779)	8.0
  (780, 583)	-0.8610806970034807
  (780, 688)	-0.8610806970034807
  (780, 780)	8.0
  (781, 536)	-1.217752
  (782, 704)	-1.217752
  (782, 782)	16.0
  (783, 653)	-1.217752
  (784, 656)	-0.8610806970034807
  (784, 668)	-0.608876
  (784, 743)	-0.608876
  (784, 784)	16.0
  (785, 671)	-1.217752
  (785, 785)	16.0
  (786, 738)	-1.217752
  (786, 786)	32.0
  (0, 1)	-4.0
  (1, 0)	-4.0
  (1, 2)	-2.0
  (1, 3)	-1.4142135623730951
  (1, 6)	-2.0
  (1, 7)	-2.8284271247461903
  (1, 9)	-2.0
  (1, 34)	-1.4142135623730951
  (1, 35)	-2.0
  (1, 37)	-1.4142135623730951
  (2, 1)	-2.0
  (2, 4)	-2.0
  (2, 8)	-2.0
  (2, 11)	-2.0
  (2, 36)	-1.4142135623730951
  (2, 39)	-1.4142135623730951
  (3, 1)	-1.4142135623730951
  (3, 4)	-1.4142135623730951
  (3, 10)	-2.0
  (3, 13)	-2.0
  (3, 38)	-1.4142135623730951
  (3, 41)	-1.4142135623730951
  (4, 2)	-2.0
  (4, 3)	-1.4142135623730951
  (4, 5)	-2.0
  :	:
  (775, 663)	-1.4142135623730951
  (775, 716)	-1.4142135623730951
  (776, 571)	-2.8284271247461903
  (776, 661)	-2.8284271247461903
  (777, 554)	-2.8284271247461903
  (777, 686)	-2.8284271247461903
  (778, 528)	-2.0
  (778, 561)	-2.8284271247461903
  (778, 715)	-2.0
  (779, 557)	-2.0
  (779, 580)	-1.4142135623730951
  (779, 686)	-1.4142135623730951
  (779, 688)	-2.0
  (779, 704)	-1.4142135623730951
  (779, 715)	-1.4142135623730951
  (780, 583)	-2.8284271247461903
  (780, 688)	-2.8284271247461903
  (781, 536)	-4.0
  (782, 704)	-4.0
  (783, 653)	-4.0
  (784, 656)	-2.8284271247461903
  (784, 668)	-2.0
  (784, 743)	-2.0
  (785, 671)	-4.0
  (786, 738)	-4.0
[-32.1854546  -24.25450634]
[[-9.88452880e-01 -1.49397458e-01]
 [-1.50534046e-01  9.50240333e-01]
 [-7.63989990e-03  1.46258905e-01]
 ...
 [-5.89257417e-11  4.95441534e-09]
 [-3.91719236e-11  3.06372873e-09]
 [-8.79479876e-12  4.65476841e-10]]
[-16. -12.]
[[-0.00552427 -0.0032119 ]
 [-0.02209709 -0.00963571]
 [-0.02209709 -0.02296012]
 ...
 [-0.01104854  0.04446173]
 [-0.0078125   0.02421876]
 [-0.00552427  0.03211097]]
[[-0.00552427+0.j         -0.02209709+0.j         -0.02209709+0.j
  ... -0.01104854+0.j         -0.0078125 +0.j
  -0.00552427+0.j        ]
 [-0.00516316-0.00199459j -0.02121379-0.00629956j -0.02144346-0.00544511j
  ... -0.01096948+0.00122603j -0.0077566 +0.00086688j
  -0.0053118 +0.00147772j]
 [-0.00412277-0.00374141j -0.01862742-0.01212534j -0.01951698-0.01058935j
  ... -0.0107338 +0.00243078j -0.00759002+0.00171842j
  -0.00469318+0.00283197j]
 ...
 [ 0.00935853+0.00708334j  0.01215511-0.04161023j -0.05342157+0.00266908j
  ...  0.0018604 +0.00612837j  0.00368674-0.00596067j
   0.0020963 +0.00147169j]
 [ 0.00710592+0.00995123j  0.02189309-0.03830976j -0.0525793 -0.00767324j
  ...  0.00296602+0.00592708j  0.00298673-0.00616484j
   0.00229751+0.00067655j]
 [ 0.00399389+0.01206848j  0.03068458-0.03275245j -0.0497754 -0.01755745j
  ...  0.00404234+0.00554267j  0.00229173-0.00628612j
   0.00223099-0.00010505j]]
[1.0, 0.9999999999999996, 0.9999999999999998, 1.0, 1.0, 1.0, 1.0, 1.0, 1.0, 1.0000000000000004, 0.9999999999999998, 1.0000000000000004, 1.0, 1.0000000000000004, 1.0, 1.0, 1.0, 1.0000000000000004, 1.0, 1.0, 1.0, 1.0, 1.0000000000000004, 1.0, 0.9999999999999998, 1.0, 1.0, 0.9999999999999998, 1.0, 0.9999999999999998, 0.9999999999999998, 0.9999999999999998, 0.9999999999999998, 0.9999999999999996, 1.0, 0.9999999999999996, 0.9999999999999998, 0.9999999999999998, 1.0, 0.9999999999999998, 0.9999999999999993, 0.9999999999999998, 0.9999999999999993, 0.9999999999999996, 0.9999999999999998, 0.9999999999999998, 0.9999999999999998, 0.9999999999999998, 1.0, 1.0, 1.0, 0.9999999999999996, 0.9999999999999998, 1.0, 0.9999999999999998, 0.9999999999999993, 0.9999999999999996, 0.9999999999999993, 0.9999999999999991, 0.9999999999999993, 0.9999999999999996, 0.9999999999999993, 0.9999999999999993, 0.9999999999999996, 0.9999999999999996, 0.9999999999999993, 0.9999999999999993, 0.9999999999999993, 0.9999999999999996, 0.9999999999999996, 0.9999999999999996, 0.9999999999999996, 0.9999999999999991, 0.9999999999999998, 0.9999999999999996, 0.9999999999999996, 0.9999999999999998, 0.9999999999999993, 0.9999999999999998, 0.9999999999999998, 0.9999999999999993, 0.9999999999999993, 1.0, 0.9999999999999996, 0.9999999999999998, 0.9999999999999993, 0.9999999999999996, 0.9999999999999998, 0.9999999999999989, 0.9999999999999993, 1.0, 0.9999999999999989, 0.9999999999999998, 1.0, 0.9999999999999991, 0.9999999999999996, 0.9999999999999996, 0.9999999999999996, 0.9999999999999996, 0.9999999999999996, 0.9999999999999998, 0.9999999999999998, 0.9999999999999996, 0.9999999999999998, 0.9999999999999996, 1.0, 0.9999999999999996, 0.9999999999999998, 0.9999999999999996, 0.9999999999999993, 0.9999999999999998, 0.9999999999999996, 1.0, 0.9999999999999991, 0.9999999999999996, 0.9999999999999991, 0.9999999999999998, 1.0, 0.9999999999999993, 0.9999999999999996, 0.9999999999999996, 1.0, 0.9999999999999996, 0.9999999999999993, 0.9999999999999996, 0.9999999999999998, 0.9999999999999996, 0.9999999999999998, 1.0, 0.9999999999999996, 1.0, 0.9999999999999993, 0.9999999999999993, 0.9999999999999998, 0.9999999999999996, 0.9999999999999998, 0.9999999999999998, 0.9999999999999996, 0.9999999999999996, 0.9999999999999996, 0.9999999999999993, 0.9999999999999998, 0.9999999999999996, 0.9999999999999993, 0.9999999999999996, 0.9999999999999996, 0.9999999999999996, 0.9999999999999996, 0.9999999999999993, 1.0, 0.9999999999999996, 0.9999999999999993, 0.9999999999999993, 0.9999999999999998, 0.9999999999999998, 0.9999999999999993, 0.9999999999999998, 0.9999999999999993, 0.9999999999999998, 0.9999999999999996, 0.9999999999999998, 0.9999999999999996, 0.9999999999999996, 0.9999999999999993, 1.0, 0.9999999999999998, 0.9999999999999998, 0.9999999999999996, 0.9999999999999996, 1.0, 0.9999999999999993, 0.9999999999999998, 0.9999999999999996, 0.9999999999999996, 0.9999999999999993, 0.9999999999999998, 0.9999999999999993, 0.9999999999999996, 0.9999999999999996, 0.9999999999999998, 0.9999999999999991, 0.9999999999999996, 0.9999999999999991, 0.9999999999999993, 0.9999999999999991, 0.9999999999999996, 0.9999999999999991, 0.9999999999999996, 0.9999999999999996, 0.9999999999999996, 0.9999999999999996, 0.9999999999999993, 0.9999999999999996, 0.9999999999999996, 0.9999999999999998, 0.9999999999999996, 0.9999999999999996, 0.9999999999999993, 0.9999999999999993, 0.9999999999999991, 0.9999999999999989, 0.9999999999999993, 0.9999999999999996, 0.9999999999999993, 0.9999999999999993, 0.9999999999999993, 0.9999999999999993, 0.9999999999999993, 0.9999999999999993, 0.9999999999999996, 0.9999999999999998, 0.9999999999999993, 0.9999999999999993, 0.9999999999999993, 0.9999999999999998, 0.9999999999999996, 0.9999999999999998, 0.9999999999999996, 0.9999999999999996, 0.9999999999999998, 0.9999999999999996, 0.9999999999999996, 0.9999999999999993, 0.9999999999999998, 0.9999999999999991, 0.9999999999999998, 0.9999999999999998, 0.9999999999999996, 0.9999999999999996, 0.9999999999999998, 0.9999999999999996, 0.9999999999999996, 0.9999999999999996, 0.9999999999999996, 0.9999999999999998, 0.9999999999999998, 0.9999999999999998, 0.9999999999999996, 0.9999999999999996, 0.9999999999999996, 0.9999999999999998, 0.9999999999999998, 0.9999999999999998, 0.9999999999999996, 0.9999999999999996, 0.9999999999999998, 0.9999999999999996, 0.9999999999999998, 0.9999999999999998, 0.9999999999999996, 0.9999999999999998, 0.9999999999999996, 0.9999999999999996, 0.9999999999999996, 0.9999999999999998, 0.9999999999999998, 0.9999999999999996, 0.9999999999999993, 0.9999999999999993, 0.9999999999999998, 0.9999999999999998, 1.0, 1.0, 1.0, 1.0, 0.9999999999999998, 1.0, 0.9999999999999996, 1.0, 0.9999999999999998, 0.9999999999999998, 0.9999999999999998, 1.0, 0.9999999999999998, 0.9999999999999998, 0.9999999999999998, 1.0, 1.0, 0.9999999999999998, 0.9999999999999998, 0.9999999999999998, 0.9999999999999996, 0.9999999999999998, 0.9999999999999996, 0.9999999999999998, 0.9999999999999998, 0.9999999999999998, 1.0, 1.0, 0.9999999999999993, 0.9999999999999996, 0.9999999999999998, 0.9999999999999993, 0.9999999999999996, 0.9999999999999993, 0.9999999999999993, 0.9999999999999996, 0.9999999999999996, 0.9999999999999993, 0.9999999999999993, 0.9999999999999998, 0.9999999999999993, 0.9999999999999996, 0.9999999999999993, 0.9999999999999998, 0.9999999999999996, 0.9999999999999993, 0.9999999999999993, 0.9999999999999993, 0.9999999999999996, 0.9999999999999996, 0.9999999999999996, 0.9999999999999993, 0.9999999999999998, 0.9999999999999998, 0.9999999999999991, 0.9999999999999998, 0.9999999999999996, 0.9999999999999998, 0.9999999999999996, 0.9999999999999998, 0.9999999999999993, 0.9999999999999993, 0.9999999999999998, 0.9999999999999993, 0.9999999999999996, 0.9999999999999996, 0.9999999999999996, 0.9999999999999996, 0.9999999999999996, 0.9999999999999993, 0.9999999999999996, 0.9999999999999993, 0.9999999999999996, 0.9999999999999993, 0.9999999999999996, 0.9999999999999993, 0.9999999999999996, 0.9999999999999996, 0.9999999999999993, 0.9999999999999993, 0.9999999999999993, 0.9999999999999993, 0.9999999999999996, 0.9999999999999993, 0.9999999999999991, 0.9999999999999991, 0.9999999999999993, 0.9999999999999991, 0.9999999999999991, 0.9999999999999989, 0.9999999999999989, 0.9999999999999989, 0.9999999999999989, 0.9999999999999989, 0.9999999999999991, 0.9999999999999991, 0.9999999999999993, 0.9999999999999991, 0.9999999999999993, 0.9999999999999989, 0.9999999999999991, 0.9999999999999991, 0.9999999999999989, 0.9999999999999993, 0.9999999999999991, 0.9999999999999991, 0.9999999999999989, 0.9999999999999989, 0.9999999999999991, 0.9999999999999991, 0.9999999999999993, 0.9999999999999989, 0.9999999999999993, 0.9999999999999993, 0.9999999999999993, 0.9999999999999993, 0.9999999999999993, 0.9999999999999998, 0.9999999999999996, 0.9999999999999993, 0.9999999999999991, 0.9999999999999993, 0.9999999999999991, 0.9999999999999991, 0.9999999999999993, 0.9999999999999993, 0.9999999999999989, 0.9999999999999996, 0.9999999999999993, 0.9999999999999998, 0.9999999999999991, 0.9999999999999993, 0.9999999999999996, 0.9999999999999991, 0.9999999999999991, 0.9999999999999993, 0.9999999999999991, 0.9999999999999996, 0.9999999999999991, 0.9999999999999993, 0.9999999999999987, 0.9999999999999991, 0.9999999999999993, 0.9999999999999989, 0.9999999999999989, 0.9999999999999993, 0.9999999999999993, 0.9999999999999996, 0.9999999999999991, 0.9999999999999987, 0.9999999999999989, 0.9999999999999989, 0.9999999999999991, 0.9999999999999989, 0.9999999999999991, 0.9999999999999991, 0.9999999999999993, 0.9999999999999989, 0.9999999999999991, 0.9999999999999991, 0.9999999999999991, 0.9999999999999989, 0.9999999999999991, 0.9999999999999991, 0.9999999999999991, 0.9999999999999991, 0.9999999999999989, 0.9999999999999991, 0.9999999999999989, 0.9999999999999989, 0.9999999999999991, 0.9999999999999991, 0.9999999999999993, 0.9999999999999993, 0.9999999999999991, 0.9999999999999989, 0.9999999999999991, 0.9999999999999991, 0.9999999999999991, 0.9999999999999998, 0.9999999999999989, 0.9999999999999993, 0.9999999999999993, 0.9999999999999993, 0.9999999999999993, 0.9999999999999993, 0.9999999999999993, 0.9999999999999991, 0.9999999999999991, 0.9999999999999993, 0.9999999999999989, 0.9999999999999989, 0.9999999999999991, 0.9999999999999996, 0.9999999999999993, 0.9999999999999996, 0.9999999999999987, 0.9999999999999998, 0.9999999999999991, 0.9999999999999996, 0.9999999999999993, 0.9999999999999993, 0.9999999999999989, 0.9999999999999991, 0.9999999999999989, 0.9999999999999989, 0.9999999999999991, 0.9999999999999987, 0.9999999999999989, 0.9999999999999991, 0.9999999999999989, 0.9999999999999993, 0.9999999999999991, 0.9999999999999989, 0.9999999999999991, 0.9999999999999993, 0.9999999999999993, 0.9999999999999987, 0.9999999999999996, 0.9999999999999993, 0.9999999999999991, 0.9999999999999993, 0.9999999999999989, 0.9999999999999991, 0.9999999999999991, 0.9999999999999991, 0.9999999999999989, 0.9999999999999991, 0.9999999999999991, 0.9999999999999991, 0.9999999999999991, 0.9999999999999993, 0.9999999999999989, 0.9999999999999993, 0.9999999999999991, 0.9999999999999998, 0.9999999999999993, 0.9999999999999996, 0.9999999999999996, 0.9999999999999989]
[-4.8710080000000024, -4.871008000000003, -4.871008000000002, -4.871008, -4.871008, -4.871008, -4.871008, -4.871008, -4.871008000000001, -4.871007999999998, -4.871008000000004, -4.871007999999999, -4.871008000000001, -4.871007999999996, -4.871008000000002, -4.871008000000002, -4.871008000000001, -4.871007999999997, -4.871007999999998, -4.871007999999997, -4.871007999999999, -4.871007999999999, -4.871007999999998, -4.871007999999996, -4.871008, -4.871007999999998, -4.871007999999997, -4.871007999999998, -4.871007999999997, -4.871007999999997, -4.871007999999995, -4.871007999999995, -4.871007999999995, -4.871007999999996, -4.8710079999999945, -4.871007999999996, -4.871007999999993, -4.871007999999994, -4.871007999999995, -4.871007999999999, -4.871007999999999, -4.871007999999997, -4.871007999999998, -4.871007999999998, -4.871007999999995, -4.871007999999999, -4.871007999999998, -4.871007999999994, -4.871007999999995, -4.8710079999999945, -4.8710079999999945, -4.871007999999997, -4.871007999999995, -4.871007999999996, -4.871007999999995, -4.871007999999996, -4.871007999999991, -4.871007999999993, -4.871007999999991, -4.87100799999999, -4.871007999999987, -4.87100799999999, -4.871007999999991, -4.871007999999989, -4.871007999999988, -4.871007999999992, -4.871007999999989, -4.871007999999988, -4.871007999999987, -4.871007999999987, -4.8710079999999865, -4.871007999999988, -4.871007999999992, -4.871007999999988, -4.871007999999991, -4.871007999999988, -4.8710079999999865, -4.871007999999991, -4.87100799999999, -4.871007999999988, -4.871007999999994, -4.871007999999992, -4.8710079999999865, -4.871007999999989, -4.871007999999991, -4.871007999999993, -4.871007999999991, -4.871007999999992, -4.8710079999999945, -4.871007999999993, -4.871007999999987, -4.8710079999999945, -4.87100799999999, -4.871007999999987, -4.871007999999993, -4.87100799999999, -4.871007999999992, -4.871007999999991, -4.871007999999991, -4.871007999999991, -4.87100799999999, -4.871007999999992, -4.871007999999991, -4.871007999999987, -4.871007999999988, -4.871007999999988, -4.87100799999999, -4.871007999999988, -4.871007999999991, -4.871007999999991, -4.87100799999999, -4.871007999999988, -4.871007999999989, -4.871007999999992, -4.87100799999999, -4.871007999999984, -4.871007999999988, -4.871007999999989, -4.871007999999989, -4.871007999999987, -4.871007999999988, -4.871007999999988, -4.871007999999989, -4.87100799999999, -4.871007999999987, -4.871007999999989, -4.871007999999989, -4.871007999999988, -4.871007999999987, -4.871007999999992, -4.871007999999987, -4.87100799999999, -4.87100799999999, -4.871007999999987, -4.871007999999987, -4.871007999999988, -4.871007999999989, -4.871007999999989, -4.871007999999987, -4.8710079999999865, -4.871007999999993, -4.871007999999985, -4.871007999999986, -4.871007999999991, -4.871007999999989, -4.871007999999988, -4.871007999999988, -4.871007999999989, -4.87100799999999, -4.871007999999987, -4.871007999999991, -4.871007999999994, -4.871007999999991, -4.871007999999987, -4.871007999999988, -4.87100799999999, -4.87100799999999, -4.87100799999999, -4.871007999999988, -4.871007999999989, -4.871007999999989, -4.871007999999991, -4.871007999999991, -4.871007999999992, -4.871007999999991, -4.871007999999992, -4.871007999999992, -4.871007999999993, -4.871007999999989, -4.871007999999989, -4.87100799999999, -4.871007999999988, -4.871007999999988, -4.8710079999999865, -4.8710079999999865, -4.871007999999985, -4.871007999999989, -4.871007999999988, -4.871007999999986, -4.871007999999984, -4.871007999999992, -4.8710079999999865, -4.87100799999999, -4.871007999999989, -4.87100799999999, -4.8710079999999865, -4.871007999999987, -4.871007999999987, -4.871007999999987, -4.871007999999984, -4.871007999999987, -4.871007999999989, -4.871007999999988, -4.871007999999989, -4.871007999999988, -4.871007999999987, -4.871007999999991, -4.871007999999987, -4.871007999999989, -4.8710079999999865, -4.871007999999989, -4.871007999999989, -4.871007999999989, -4.871007999999989, -4.871007999999994, -4.871007999999991, -4.871007999999991, -4.871007999999989, -4.871007999999992, -4.871007999999989, -4.871007999999987, -4.871007999999992, -4.871007999999992, -4.871007999999991, -4.871007999999986, -4.871007999999989, -4.8710079999999865, -4.871007999999986, -4.871007999999988, -4.871007999999988, -4.871007999999989, -4.871007999999988, -4.871007999999994, -4.871007999999988, -4.871007999999992, -4.87100799999999, -4.87100799999999, -4.87100799999999, -4.871007999999993, -4.871007999999993, -4.871007999999991, -4.871007999999991, -4.871007999999993, -4.871007999999991, -4.871007999999989, -4.871007999999992, -4.871007999999992, -4.871007999999992, -4.871007999999991, -4.871007999999992, -4.871007999999992, -4.871007999999992, -4.871007999999992, -4.871007999999993, -4.871007999999991, -4.871007999999994, -4.871007999999989, -4.871007999999989, -4.87100799999999, -4.871007999999991, -4.871007999999989, -4.871007999999991, -4.871007999999992, -4.871007999999991, -4.871007999999989, -4.871007999999989, -4.871007999999991, -4.871007999999991, -4.871007999999992, -4.871007999999992, -4.871007999999991, -4.871007999999995, -4.871007999999995, -4.871007999999996, -4.871007999999994, -4.871007999999997, -4.871007999999996, -4.871008, -4.8710079999999945, -4.871007999999995, -4.871007999999995, -4.871007999999995, -4.8710079999999945, -4.871007999999995, -4.871007999999998, -4.871007999999995, -4.8710079999999945, -4.871007999999997, -4.871007999999998, -4.871007999999997, -4.871007999999995, -4.871007999999999, -4.871007999999997, -4.871007999999999, -4.871007999999995, -4.871007999999996, -4.871007999999995, -4.871007999999994, -4.8710079999999945, -4.871007999999991, -4.871007999999992, -4.871007999999992, -4.871007999999995, -4.871007999999991, -4.871007999999996, -4.871007999999993, -4.871007999999992, -4.871007999999993, -4.871007999999997, -4.871007999999997, -4.871007999999991, -4.871007999999994, -4.871007999999991, -4.8710079999999945, -4.871007999999992, -4.8710079999999945, -4.871007999999994, -4.8710079999999945, -4.8710079999999945, -4.871007999999993, -4.871007999999993, -4.871007999999991, -4.871007999999996, -4.871007999999991, -4.871007999999992, -4.871007999999993, -4.87100799999999, -4.871007999999991, -4.871007999999992, -4.871007999999994, -4.871007999999991, -4.871007999999993, -4.8710079999999945, -4.871007999999991, -4.8710079999999945, -4.8710079999999945, -4.871007999999994, -4.871007999999993, -4.871007999999991, -4.871007999999991, -4.871007999999993, -4.871007999999992, -4.8710079999999945, -4.871007999999991, -4.871007999999993, -4.87100799999999, -4.871007999999993, -4.871007999999993, -4.871007999999993, -4.871007999999993, -4.8710079999999945, -4.871007999999995, -4.871007999999994, -4.871007999999992, -4.871007999999992, -4.871007999999991, -4.87100799999999, -4.87100799999999, -4.87100799999999, -4.871007999999989, -4.871007999999989, -4.87100799999999, -4.871007999999986, -4.871007999999988, -4.871007999999987, -4.871007999999988, -4.871007999999989, -4.871007999999989, -4.871007999999987, -4.871007999999989, -4.871007999999989, -4.871007999999991, -4.871007999999989, -4.871007999999989, -4.871007999999989, -4.871007999999989, -4.871007999999991, -4.871007999999992, -4.871007999999993, -4.87100799999999, -4.871007999999991, -4.87100799999999, -4.871007999999993, -4.871007999999988, -4.871007999999989, -4.871007999999993, -4.871007999999994, -4.8710079999999945, -4.871007999999991, -4.8710079999999945, -4.871007999999994, -4.871007999999995, -4.8710079999999945, -4.871007999999997, -4.871007999999995, -4.871007999999995, -4.871007999999994, -4.871007999999995, -4.871007999999993, -4.8710079999999945, -4.871007999999994, -4.871007999999995, -4.871007999999993, -4.871007999999994, -4.871007999999995, -4.871007999999995, -4.8710079999999945, -4.871007999999995, -4.871007999999993, -4.871007999999995, -4.871007999999991, -4.871007999999995, -4.871007999999992, -4.871007999999993, -4.871007999999991, -4.871007999999989, -4.871007999999992, -4.871007999999989, -4.871007999999987, -4.871007999999992, -4.871007999999992, -4.871007999999994, -4.871007999999993, -4.871007999999989, -4.871007999999989, -4.87100799999999, -4.871007999999992, -4.871007999999989, -4.871007999999993, -4.871007999999991, -4.871007999999993, -4.87100799999999, -4.871007999999992, -4.871007999999992, -4.871007999999992, -4.871007999999992, -4.871007999999993, -4.871007999999993, -4.871007999999988, -4.8710079999999945, -4.87100799999999, -4.871007999999992, -4.871007999999991, -4.871007999999989, -4.871007999999992, -4.871007999999991, -4.871007999999991, -4.87100799999999, -4.871007999999991, -4.871007999999992, -4.8710079999999865, -4.871007999999993, -4.87100799999999, -4.87100799999999, -4.87100799999999, -4.87100799999999, -4.871007999999991, -4.871007999999991, -4.871007999999989, -4.871007999999992, -4.871007999999989, -4.871007999999992, -4.871007999999993, -4.871007999999994, -4.871007999999987, -4.871007999999991, -4.871007999999988, -4.871007999999992, -4.8710079999999865, -4.871007999999991, -4.871007999999987, -4.871007999999987, -4.871007999999989, -4.871007999999989, -4.871007999999988, -4.871007999999991, -4.871007999999989, -4.871007999999988, -4.87100799999999, -4.871007999999991, -4.87100799999999, -4.871007999999991, -4.871007999999991, -4.871007999999992, -4.871007999999988, -4.87100799999999, -4.871007999999988, -4.871007999999987, -4.87100799999999, -4.871007999999989, -4.871007999999991, -4.871007999999988, -4.87100799999999, -4.871007999999991, -4.871007999999991, -4.871007999999989, -4.87100799999999, -4.871007999999989, -4.871007999999992, -4.871007999999992, -4.87100799999999, -4.871007999999992, -4.871007999999989, -4.8710079999999945, -4.8710079999999945, -4.871007999999994, -4.87100799999999, -4.871007999999993, -4.871007999999993, -4.871007999999991, -4.871007999999997]
[1.0, 0.9992002764986033, 0.9968044213776118, 0.9928223613103181, 0.9872705759797666, 0.9801720014385208, 0.9715558958434305, 0.9614576685830697, 0.94991867408739, 0.936985971867254, 0.9227120545733152, 0.9071545460868464, 0.89037587185763, 0.8724429038841189, 0.8534265828875116, 0.83340152036305, 0.8124455832982379, 0.7906394644283476, 0.7680662409547778, 0.7448109246817887, 0.7209600065326928, 0.6966009983886017, 0.6718219751526512, 0.6467111198815971, 0.6213562747464653, 0.5958445004862629, 0.5702616469054631, 0.544691936838926, 0.5192175658690651, 0.49391831993121316, 0.4688712127861912, 0.44415014517570006, 0.41982558730804087, 0.39596428615025475, 0.37262899882947337, 0.34987825327225097, 0.32776613703693896, 0.30634211512168763, 0.2856508773600447, 0.2657322158480315, 0.24662093268133498, 0.22834677811923015, 0.21093441913318114, 0.19440343814286976, 0.17876836159071277, 0.16403871785770896, 0.15021912387869243, 0.13730939967370956, 0.125304709874267, 0.11419573118865867, 0.10396884461953615, 0.09460635111953257, 0.0860867092473107, 0.07838479326726168, 0.0714721700216712, 0.06531739279507742, 0.05988631028743975, 0.055142388716394174, 0.05104704498016705, 0.0475599887326015, 0.04463957115123272, 0.04224313811949754, 0.04032738549605408, 0.03884871410891102, 0.037763582090670614, 0.037028852164682616, 0.03660213150120596, 0.03644210178859324, 0.03650883720772816, 0.03676410805897654, 0.03717166787009102, 0.037697521910973815, 0.03831017515686853, 0.03898085787509935, 0.039683727161361655, 0.04039604291898205, 0.04109831695748494, 0.041774434083938466, 0.04241174427041935, 0.04300112520181701, 0.0435370147381947, 0.04401741306297886, 0.04444385453014385, 0.044821349467991496, 0.0451582964416935, 0.04546636571904389, 0.04576035492140156, 0.04605801807218874, 0.046379869476180224, 0.046748964071917545, 0.04719065609477947, 0.04773233806754776, 0.04840316229693953, 0.049233747196937225, 0.05025587088146083, 0.05150215456887815, 0.053005738418144585, 0.05479995247038676, 0.056917985400130156, 0.05939255378701082, 0.06225557460185257, 0.06553784356082358, 0.0692687219386311, 0.07347583434721455, 0.07818477988119077, 0.08341885890662262, 0.08919881762690625, 0.0955426124002329, 0.10246519560883514, 0.10997832469281286, 0.11809039576259342, 0.1268063029958878, 0.13612732480928694, 0.14605103757334684, 0.15657125741506642, 0.16767801042501754, 0.17935753135990748, 0.19159229070693806, 0.20436104975570277, 0.21763894310834223, 0.23139758785082604, 0.24560521840916266, 0.2602268459255057, 0.2752244408118717, 0.29055713697479146, 0.3061814560537911, 0.3220515498811715, 0.33811945925100684, 0.3543353869823676, 0.3706479831760963, 0.3870046404965386, 0.4033517972597401, 0.4196352460779918, 0.43580044579725985, 0.4517928344688549, 0.4675581411194374, 0.4830426941236836, 0.49819372404110607, 0.5129596588519325, 0.5272904096157354, 0.5411376446797138, 0.5544550506800501, 0.5671985787083842, 0.5793266741548428, 0.5908004888878275, 0.6015840745874207, 0.6116445562122632, 0.6209522847475106, 0.6294809685523791, 0.6372077827982288, 0.6441134566605046, 0.6501823380985894, 0.655402436225223, 0.6597654414301216, 0.6632667235794883, 0.6659053087629055, 0.6676838352006, 0.6686084890561441, 0.6686889210215031, 0.667938144652224, 0.666372417529821, 0.6640111064157214, 0.6608765376361224, 0.6569938339996907, 0.6523907396001811, 0.6470974338939494, 0.6411463364681798, 0.6345719039299414, 0.6274104203492578, 0.6196997826819703, 0.6114792825807985, 0.6027893859764705, 0.5936715117758221, 0.5841678109811274, 0.5743209474854932, 0.5641738817436719, 0.5537696584569927, 0.5431511993460205, 0.5323611020158595, 0.5214414458473682, 0.5104336057737495, 0.4993780747265635, 0.4883142954588633, 0.47728050237638486, 0.4663135739310385, 0.4554488960548064, 0.4447202370369257, 0.43415963417330744, 0.4237972924447855, 0.41366149541027303, 0.40377852843247886, 0.3941726142876339, 0.3848658611469187, 0.37587822285604666, 0.36722747138087913, 0.35892918123110096, 0.3509967256209332, 0.34344128407567354, 0.33627186114553925, 0.32949531584392155, 0.32311640138570824, 0.3171378147628533, 0.31156025565885165, 0.306382494171208, 0.3016014467813891, 0.29721225998510903, 0.2932084009720738, 0.28958175472354747, 0.2863227268782356, 0.2834203517020262, 0.2808624044850491, 0.27863551768031813, 0.2767253000918608, 0.275116458416741, 0.2737929204446819, 0.27273795922114447, 0.27193431748463665, 0.27136433169677443, 0.2710100549941342, 0.2708533784042429, 0.27087614968413587, 0.2710602891587698, 0.27138790195817936, 0.2718413860766257, 0.27240353570405007, 0.27305763930990246, 0.27378757199182285, 0.2745778816366287, 0.27541386847857585, 0.2762816576797721, 0.27716826459985483, 0.2780616524664369, 0.2789507822042279, 0.2798256542289448, 0.280677342061935, 0.2814980176725835, 0.2822809685077847, 0.2830206062207405, 0.28371246716473364, 0.28435320477099135, 0.28494057398288974, 0.285473407971167, 0.28595158740609256, 0.2863760026122326, 0.28674850897916315, 0.2870718760467131, 0.28734973072571224, 0.28758649515428836, 0.28778731972514593, 0.28795801185056796, 0.2881049610587818, 0.2882350610375035, 0.2883556292576542, 0.28847432482224367, 0.2885990651920299, 0.2887379424407445, 0.2888991396883355, 0.28909084835087895, 0.28932118683061997, 0.2895981212491893, 0.28992938880161695, 0.2903224242786197, 0.29078429027012054, 0.29132161152444336, 0.2919405138956047, 0.29264656826603686, 0.2934447397845001, 0.29433934270939055, 0.29533400109672614, 0.29643161552036484, 0.29763433596005523, 0.2989435409413345, 0.30035982296059305, 0.3018829801793604, 0.3035120143245312, 0.30524513468624553, 0.3070797680628904, 0.30901257446351066, 0.31103946834206325, 0.3131556451056527, 0.3153556126102391, 0.31763322733240923, 0.3199817348846354, 0.3223938145239511, 0.32486162729001405, 0.32737686739796523, 0.3299308165040532, 0.3325144004574719, 0.3351182481499211, 0.33773275207477216, 0.34034813021005733, 0.3429544888435076, 0.3455418859632018, 0.3481003948437981, 0.3506201674655053, 0.35309149741069723, 0.355504881891177, 0.3578510825674281, 0.3601211848296132, 0.3623066552185896, 0.36439939667376, 0.3663918013032571, 0.368276800380823, 0.37004791128297193, 0.3716992810897359, 0.3732257265827449, 0.3746227703857547, 0.3758866730052878, 0.37701446054299426, 0.3780039478669373, 0.37885375704645674, 0.3795633308747581, 0.38013294132510167, 0.38056369281050095, 0.38085752014329755, 0.3810171811198557, 0.38104624368688156, 0.38094906767942877, 0.38073078115632053, 0.3803972513963167, 0.3799550506575481, 0.37941141684323726, 0.3787742092580988, 0.3780518596816524, 0.37725331902647885, 0.37638799989072586, 0.37546571535438716, 0.374496614407465, 0.37349111443458877, 0.37245983121441895, 0.37141350692271824, 0.3703629366548281, 0.3693188940059925, 0.3682920562661116, 0.36729292979874184, 0.3663317761821728, 0.3654185396930192, 0.36456277670973986, 0.36377358760484385, 0.36305955168017445, 0.3624286656796992, 0.3618882863887871, 0.3614450777982713, 0.36110496327591335, 0.36087308314761024, 0.3607537580461717, 0.3607504583372482, 0.3608657798804845, 0.3611014263297707, 0.36145819812014207, 0.3619359882310326, 0.36253378475681514, 0.36324968025652504, 0.3640808877959206, 0.3650237635372506, 0.3660738356758215, 0.3672258394682749, 0.36847375804593024, 0.3698108686581144, 0.37122979394555294, 0.3727225578030506, 0.37428064535419026, 0.3758950665289811, 0.377556422708479, 0.37925497587866525, 0.38098071971938235, 0.3827234520430035, 0.38447284799179404, 0.3862185334025573, 0.3879501577520896, 0.38965746610705404, 0.39133036951694317, 0.39295901330862415, 0.39453384276525305, 0.396045665700843, 0.3974857114740799, 0.398845686020801, 0.40011782252342243, 0.401294927377169, 0.4023704211567606, 0.4033383743328206, 0.40419353753425924, 0.4049313662007943, 0.4055480395181629, 0.4060404735770538, 0.40640632874487964, 0.40664401128686234, 0.40675266931910625, 0.4067321832210413, 0.4065831506774711, 0.40630686656117554, 0.40590529790529195, 0.40538105425026455, 0.40473735368281555, 0.40397798491391546, 0.4031072657689695, 0.40212999848625103, 0.4010514222388648, 0.399877163311166, 0.39861318337250895, 0.39726572629943896, 0.39584126400195885, 0.39434644171033223, 0.39278802317606726, 0.3911728362343151, 0.3895077191650531, 0.3877994682771653, 0.38605478712305663, 0.3842802377319025, 0.38248219422720536, 0.3806667991692128, 0.3788399229351932, 0.37700712642075696, 0.3751736273136615, 0.37334427015809857, 0.371523500392609, 0.3697153425088417, 0.3679233824416491, 0.36615075426383675, 0.3644001312215709, 0.36267372110934887, 0.36097326594684886, 0.35930004588427017, 0.3576548872282196, 0.35603817444716235, 0.35444986598415523, 0.3528895136753725, 0.3513562855459937, 0.3498489917306312, 0.34836611324379624, 0.34690583330709973, 0.34546607092411635, 0.344044516381151, 0.34263866834263923, 0.3412458722035664, 0.339863359358106, 0.3384882870435765, 0.337117778421719, 0.33574896256506015, 0.33437901402457576, 0.3330051916658544, 0.3316248764741931, 0.3302356080443631, 0.32883511948787425, 0.32742137050915304, 0.3259925784219087, 0.32454724689775716, 0.32308419226066315, 0.3216025671626694, 0.3201018814984389, 0.31858202043813166, 0.3170432594798192, 0.31548627644383687, 0.3139121603520207, 0.3123224171545189, 0.310718972285716, 0.30910417004869073, 0.30748076984449596, 0.3058519392783838, 0.3042212441899617, 0.3025926356681308, 0.30097043412469204, 0.29935931051269793, 0.2977642647871856, 0.29619060171688694, 0.2946439041660694, 0.2931300039758822, 0.29165495058465934, 0.290224977536609, 0.2888464670383541, 0.2875259127329381, 0.28626988087122557, 0.28508497007116324, 0.2839777698661032, 0.2829548182543026, 0.28202255847274305, 0.28118729522945635, 0.28045515063945275, 0.27983202011999986, 0.279323528511153, 0.27893498669691724, 0.2786713490109437, 0.2785371717180326, 0.2785365728685981, 0.27867319382743716, 0.2789501627803375, 0.27937006052200997, 0.2799348888263129, 0.280646041694518, 0.28150427976927855, 0.28250970819084764, 0.2836617581578597, 0.2849591724375609, 0.28639999504975366, 0.28798156532495006, 0.289700516510405, 0.29155277906795835, 0.2935335887752071, 0.29563749970662867, 0.29785840213429954, 0.3001895453490224]
[0.0, 0.01, 0.02, 0.03, 0.04, 0.05, 0.06, 0.07, 0.08, 0.09, 0.1, 0.11, 0.12, 0.13, 0.14, 0.15, 0.16, 0.17, 0.18, 0.19, 0.2, 0.21, 0.22, 0.23, 0.24, 0.25, 0.26, 0.27, 0.28, 0.29, 0.3, 0.31, 0.32, 0.33, 0.34, 0.35, 0.36, 0.37, 0.38, 0.39, 0.4, 0.41, 0.42, 0.43, 0.44, 0.45, 0.46, 0.47, 0.48, 0.49, 0.5, 0.51, 0.52, 0.53, 0.54, 0.55, 0.56, 0.57, 0.58, 0.59, 0.6, 0.61, 0.62, 0.63, 0.64, 0.65, 0.66, 0.67, 0.68, 0.69, 0.7, 0.71, 0.72, 0.73, 0.74, 0.75, 0.76, 0.77, 0.78, 0.79, 0.8, 0.81, 0.82, 0.83, 0.84, 0.85, 0.86, 0.87, 0.88, 0.89, 0.9, 0.91, 0.92, 0.93, 0.94, 0.95, 0.96, 0.97, 0.98, 0.99, 1.0, 1.01, 1.02, 1.03, 1.04, 1.05, 1.06, 1.07, 1.08, 1.09, 1.1, 1.11, 1.12, 1.13, 1.14, 1.15, 1.16, 1.17, 1.18, 1.19, 1.2, 1.21, 1.22, 1.23, 1.24, 1.25, 1.26, 1.27, 1.28, 1.29, 1.3, 1.31, 1.32, 1.33, 1.34, 1.35, 1.36, 1.37, 1.38, 1.39, 1.4, 1.41, 1.42, 1.43, 1.44, 1.45, 1.46, 1.47, 1.48, 1.49, 1.5, 1.51, 1.52, 1.53, 1.54, 1.55, 1.56, 1.57, 1.58, 1.59, 1.6, 1.61, 1.62, 1.63, 1.64, 1.65, 1.66, 1.67, 1.68, 1.69, 1.7, 1.71, 1.72, 1.73, 1.74, 1.75, 1.76, 1.77, 1.78, 1.79, 1.8, 1.81, 1.82, 1.83, 1.84, 1.85, 1.86, 1.87, 1.88, 1.89, 1.9, 1.91, 1.92, 1.93, 1.94, 1.95, 1.96, 1.97, 1.98, 1.99, 2.0, 2.01, 2.02, 2.03, 2.04, 2.05, 2.06, 2.07, 2.08, 2.09, 2.1, 2.11, 2.12, 2.13, 2.14, 2.15, 2.16, 2.17, 2.18, 2.19, 2.2, 2.21, 2.22, 2.23, 2.24, 2.25, 2.26, 2.27, 2.28, 2.29, 2.3, 2.31, 2.32, 2.33, 2.34, 2.35, 2.36, 2.37, 2.38, 2.39, 2.4, 2.41, 2.42, 2.43, 2.44, 2.45, 2.46, 2.47, 2.48, 2.49, 2.5, 2.51, 2.52, 2.53, 2.54, 2.55, 2.56, 2.57, 2.58, 2.59, 2.6, 2.61, 2.62, 2.63, 2.64, 2.65, 2.66, 2.67, 2.68, 2.69, 2.7, 2.71, 2.72, 2.73, 2.74, 2.75, 2.76, 2.77, 2.78, 2.79, 2.8, 2.81, 2.82, 2.83, 2.84, 2.85, 2.86, 2.87, 2.88, 2.89, 2.9, 2.91, 2.92, 2.93, 2.94, 2.95, 2.96, 2.97, 2.98, 2.99, 3.0, 3.01, 3.02, 3.03, 3.04, 3.05, 3.06, 3.07, 3.08, 3.09, 3.1, 3.11, 3.12, 3.13, 3.14, 3.15, 3.16, 3.17, 3.18, 3.19, 3.2, 3.21, 3.22, 3.23, 3.24, 3.25, 3.26, 3.27, 3.28, 3.29, 3.3, 3.31, 3.32, 3.33, 3.34, 3.35, 3.36, 3.37, 3.38, 3.39, 3.4, 3.41, 3.42, 3.43, 3.44, 3.45, 3.46, 3.47, 3.48, 3.49, 3.5, 3.51, 3.52, 3.53, 3.54, 3.55, 3.56, 3.57, 3.58, 3.59, 3.6, 3.61, 3.62, 3.63, 3.64, 3.65, 3.66, 3.67, 3.68, 3.69, 3.7, 3.71, 3.72, 3.73, 3.74, 3.75, 3.76, 3.77, 3.78, 3.79, 3.8, 3.81, 3.82, 3.83, 3.84, 3.85, 3.86, 3.87, 3.88, 3.89, 3.9, 3.91, 3.92, 3.93, 3.94, 3.95, 3.96, 3.97, 3.98, 3.99, 4.0, 4.01, 4.02, 4.03, 4.04, 4.05, 4.06, 4.07, 4.08, 4.09, 4.1, 4.11, 4.12, 4.13, 4.14, 4.15, 4.16, 4.17, 4.18, 4.19, 4.2, 4.21, 4.22, 4.23, 4.24, 4.25, 4.26, 4.27, 4.28, 4.29, 4.3, 4.31, 4.32, 4.33, 4.34, 4.35, 4.36, 4.37, 4.38, 4.39, 4.4, 4.41, 4.42, 4.43, 4.44, 4.45, 4.46, 4.47, 4.48, 4.49, 4.5, 4.51, 4.52, 4.53, 4.54, 4.55, 4.56, 4.57, 4.58, 4.59, 4.6, 4.61, 4.62, 4.63, 4.64, 4.65, 4.66, 4.67, 4.68, 4.69, 4.7, 4.71, 4.72, 4.73, 4.74, 4.75, 4.76, 4.77, 4.78, 4.79, 4.8, 4.81, 4.82, 4.83, 4.84, 4.85, 4.86, 4.87, 4.88, 4.89, 4.9, 4.91, 4.92, 4.93, 4.94, 4.95, 4.96, 4.97, 4.98, 4.99, 5.0]
