Hermiticity check passed!
Symmetry checks passed!
Hermiticity check passed!
Symmetry checks passed!
  (0, 0)	-50.0
  (0, 1)	-1.52219
  (1, 0)	-1.5221900000000006
  (1, 1)	-42.0
  (1, 2)	-0.608876
  (1, 3)	-0.608876
  (1, 8)	-0.608876
  (1, 9)	-0.8610806970034807
  (1, 11)	-0.8610806970034807
  (1, 78)	-0.608876
  (1, 79)	-0.8610806970034807
  (1, 81)	-0.8610806970034807
  (2, 1)	-0.608876
  (2, 2)	-38.0
  (2, 4)	-0.608876
  (2, 5)	-0.304438
  (2, 10)	-0.608876
  (2, 13)	-0.608876
  (2, 17)	-0.43054034850174033
  (2, 80)	-0.608876
  (2, 83)	-0.608876
  (2, 87)	-0.43054034850174033
  (3, 1)	-0.608876
  (3, 3)	-34.0
  (3, 4)	-0.304438
  :	:
  (170439, 137926)	-0.304438
  (170439, 140820)	-0.43054034850174033
  (170439, 140882)	-0.304438
  (170439, 142529)	-0.304438
  (170439, 143511)	-0.304438
  (170439, 147378)	-0.304438
  (170439, 147410)	-0.304438
  (170439, 147972)	-0.304438
  (170439, 148846)	-0.304438
  (170439, 160490)	-0.304438
  (170439, 160557)	-0.304438
  (170439, 166423)	-0.304438
  (170439, 166958)	-0.304438
  (170439, 167099)	-0.304438
  (170439, 169966)	-0.304438
  (170439, 169996)	-0.304438
  (170439, 170059)	-0.43054034850174033
  (170439, 170060)	-0.304438
  (170439, 170077)	-0.304438
  (170439, 170109)	-0.304438
  (170439, 170183)	-0.304438
  (170439, 170189)	-0.43054034850174033
  (170439, 170217)	-0.304438
  (170439, 170351)	-0.43054034850174033
  (170439, 170439)	10.0
  (0, 1)	-5.0
  (1, 0)	-5.000000000000002
  (1, 2)	-2.0
  (1, 3)	-2.0
  (1, 8)	-2.0
  (1, 9)	-2.8284271247461903
  (1, 11)	-2.8284271247461903
  (1, 78)	-2.0
  (1, 79)	-2.8284271247461903
  (1, 81)	-2.8284271247461903
  (2, 1)	-2.0
  (2, 4)	-2.0
  (2, 5)	-1.0
  (2, 10)	-2.0
  (2, 13)	-2.0
  (2, 17)	-1.4142135623730951
  (2, 80)	-2.0
  (2, 83)	-2.0
  (2, 87)	-1.4142135623730951
  (3, 1)	-2.0
  (3, 4)	-1.0
  (3, 5)	-2.0
  (3, 12)	-2.0
  (3, 15)	-2.0
  (3, 21)	-1.4142135623730951
  :	:
  (170439, 137900)	-1.0
  (170439, 137926)	-1.0
  (170439, 140820)	-1.4142135623730951
  (170439, 140882)	-1.0
  (170439, 142529)	-1.0
  (170439, 143511)	-1.0
  (170439, 147378)	-1.0
  (170439, 147410)	-1.0
  (170439, 147972)	-1.0
  (170439, 148846)	-1.0
  (170439, 160490)	-1.0
  (170439, 160557)	-1.0
  (170439, 166423)	-1.0
  (170439, 166958)	-1.0
  (170439, 167099)	-1.0
  (170439, 169966)	-1.0
  (170439, 169996)	-1.0
  (170439, 170059)	-1.4142135623730951
  (170439, 170060)	-1.0
  (170439, 170077)	-1.0
  (170439, 170109)	-1.0
  (170439, 170183)	-1.0
  (170439, 170189)	-1.4142135623730951
  (170439, 170217)	-1.0
  (170439, 170351)	-1.4142135623730951
[-50.28977282 -42.35882116]
[[-9.82016319e-01 -1.85531020e-01]
 [-1.86942257e-01  9.31339520e-01]
 [-9.48768599e-03  1.44658933e-01]
 ...
 [-1.13987503e-15  1.34603649e-13]
 [-8.33107366e-16  1.00736479e-13]
 [-1.60668906e-15  2.07638879e-13]]
[-25. -21.]
[[ 0.00024414  0.00103941]
 [ 0.0012207   0.00436553]
 [ 0.0012207   0.00387542]
 ...
 [ 0.00244141 -0.0064095 ]
 [ 0.00172633 -0.00375367]
 [ 0.00244141 -0.00761989]]
[[ 0.00024414+0.00000000e+00j  0.0012207 +0.00000000e+00j
   0.0012207 +0.00000000e+00j ...  0.00244141+0.00000000e+00j
   0.00172633+0.00000000e+00j  0.00244141+0.00000000e+00j]
 [ 0.00020537+1.33385377e-04j  0.00107633+5.82462685e-04j
   0.00109849+5.38835694e-04j ...  0.00243435-1.55766954e-04j
   0.00172134-1.10149460e-04j  0.00243922-5.82991457e-05j]
 [ 0.00010061+2.25712161e-04j  0.00067504+1.03205628e-03j
   0.00075454+9.73929488e-04j ...  0.00241324-3.10242190e-04j
   0.00170641-2.19418726e-04j  0.00243268-1.16434799e-04j]
 ...
 [ 0.00076195+2.16962052e-05j -0.00092803-3.40319508e-03j
  -0.00235035+2.60917201e-03j ... -0.00029914+1.38454639e-04j
  -0.00078095+4.44862526e-04j -0.00241483-5.23450496e-03j]
 [ 0.0007122 +3.94523764e-04j  0.00051345-3.64894169e-03j
  -0.00315019+1.57140797e-03j ... -0.00029126+1.53101400e-04j
  -0.00073437+5.33447979e-04j -0.00283426-5.07078147e-03j]
 [ 0.00048341+7.19599677e-04j  0.00198622-3.28883617e-03j
  -0.00351236+3.13872660e-04j ... -0.00028242+1.66637267e-04j
  -0.00067685+6.15661950e-04j -0.00324196-4.87605938e-03j]]
[1.0, 1.0000000000000013, 1.0000000000000049, 0.9999999999999982, 1.0000000000000013, 1.0000000000000013, 1.0000000000000058, 1.000000000000003, 1.0000000000000009, 1.0000000000000004, 1.0000000000000013, 1.0000000000000013, 1.0000000000000004, 0.9999999999999998, 1.0, 1.0000000000000004, 1.0, 1.0000000000000018, 0.9999999999999984, 0.9999999999999998, 0.9999999999999982, 0.9999999999999993, 1.0000000000000013, 1.0000000000000013, 0.9999999999999993, 0.9999999999999991, 1.000000000000003, 1.0000000000000009, 1.0000000000000013, 1.0000000000000018, 1.0000000000000022, 0.9999999999999993, 1.0000000000000004, 0.9999999999999991, 1.0000000000000009, 1.000000000000003, 0.9999999999999987, 0.999999999999998, 1.000000000000004, 0.9999999999999993, 0.9999999999999998, 0.9999999999999978, 1.0000000000000044, 1.000000000000004, 0.9999999999999938, 1.000000000000004, 0.9999999999999958, 1.0000000000000004, 1.0, 0.9999999999999996, 0.9999999999999969, 0.9999999999999982, 1.0000000000000013, 1.0000000000000013, 0.9999999999999987, 0.9999999999999996, 1.000000000000003, 1.000000000000003, 1.0000000000000009, 1.000000000000003, 1.0, 1.0000000000000009, 0.9999999999999991, 0.999999999999996, 0.9999999999999956, 0.9999999999999971, 0.9999999999999976, 1.0000000000000049, 1.0000000000000036, 1.0000000000000004, 1.0000000000000004, 1.0000000000000036, 1.0, 0.9999999999999993, 0.9999999999999938, 1.0000000000000036, 0.9999999999999947, 1.0000000000000022, 0.999999999999996, 0.9999999999999982, 0.9999999999999964, 0.9999999999999987, 1.0000000000000004, 0.9999999999999996, 0.9999999999999964, 1.0000000000000084, 1.0000000000000009, 0.9999999999999998, 0.9999999999999993, 1.0000000000000013, 1.000000000000003, 0.9999999999999976, 0.999999999999998, 0.9999999999999951, 1.0, 1.0000000000000022, 1.0000000000000058, 1.0000000000000013, 1.0000000000000027, 1.0000000000000013, 1.0000000000000018, 1.0, 1.0000000000000049, 0.999999999999998, 1.0000000000000022, 0.9999999999999969, 1.0000000000000004, 1.0000000000000018, 1.0000000000000013, 0.9999999999999998, 0.9999999999999978, 0.9999999999999978, 1.0000000000000009, 1.0000000000000009, 0.9999999999999996, 1.0000000000000022, 1.0000000000000044, 1.0000000000000027, 1.0000000000000009, 0.9999999999999987, 0.9999999999999991, 1.0000000000000013, 1.0000000000000067, 0.9999999999999973, 1.0000000000000062, 1.0000000000000009, 1.000000000000003, 1.0000000000000058, 0.9999999999999989, 1.0000000000000044, 0.9999999999999989, 1.0000000000000004, 1.0000000000000009, 1.0000000000000009, 0.9999999999999989, 1.0, 1.0000000000000004, 0.9999999999999984, 0.9999999999999987, 1.000000000000003, 1.000000000000003, 0.9999999999999989, 1.0000000000000036, 1.0000000000000004, 1.0000000000000018, 1.0000000000000027, 1.000000000000003, 1.0, 1.0000000000000018, 0.9999999999999989, 0.999999999999998, 1.0, 1.0000000000000009, 0.9999999999999964, 1.0000000000000049, 1.0000000000000027, 1.000000000000004, 1.0000000000000004, 1.0000000000000004, 1.0000000000000013, 1.000000000000003, 0.999999999999998, 1.0000000000000009, 1.0000000000000004, 0.9999999999999984, 1.000000000000007, 1.0000000000000004, 1.0000000000000018, 1.000000000000003, 1.0000000000000036, 1.0000000000000013, 0.9999999999999971, 1.0000000000000004, 1.0000000000000004, 1.000000000000003, 1.0, 1.0000000000000022, 1.0000000000000022, 1.0000000000000009, 1.0000000000000009, 1.0000000000000004, 1.0000000000000013, 1.0000000000000049, 1.0, 1.0000000000000027, 1.000000000000003, 1.0000000000000036, 0.999999999999996, 1.0000000000000018, 0.9999999999999964, 0.9999999999999971, 0.9999999999999987, 1.0000000000000044, 1.000000000000003, 1.000000000000004, 0.9999999999999958, 1.000000000000003, 0.9999999999999978, 0.9999999999999991, 1.0000000000000062, 1.0000000000000009, 1.0000000000000013, 1.0000000000000013, 1.0000000000000009, 0.9999999999999989, 1.0000000000000004, 1.0000000000000004, 1.0, 0.9999999999999991, 1.0000000000000013, 0.9999999999999987, 1.000000000000003, 0.9999999999999987, 1.0000000000000022, 1.0000000000000013, 1.0000000000000053, 1.0000000000000009, 1.0, 0.9999999999999987, 1.000000000000004, 1.0000000000000044, 1.0000000000000022, 0.9999999999999991, 1.0000000000000022, 1.000000000000004, 1.0000000000000004, 1.000000000000003, 1.0000000000000027, 1.0000000000000044, 1.0000000000000027, 1.0000000000000004, 1.0000000000000022, 0.9999999999999976, 1.0000000000000075, 0.9999999999999982, 1.000000000000003, 1.0000000000000013, 0.9999999999999996, 1.0000000000000022, 1.0000000000000022, 0.9999999999999958, 1.0000000000000004, 0.9999999999999993, 1.000000000000004, 1.000000000000003, 1.0000000000000036, 1.0000000000000053, 1.0, 1.0000000000000036, 1.0000000000000022, 1.000000000000003, 1.0000000000000062, 1.0000000000000049, 1.0000000000000013, 1.0000000000000036, 1.0000000000000013, 1.0000000000000058, 1.0000000000000027, 0.9999999999999987, 1.0000000000000013, 0.9999999999999987, 1.0000000000000018, 1.0000000000000049, 1.0000000000000022, 0.9999999999999953, 1.000000000000007, 1.0000000000000018, 1.0000000000000027, 1.0000000000000018, 1.0000000000000036, 0.9999999999999998, 1.0000000000000009, 0.9999999999999993, 1.0000000000000004, 1.0000000000000013, 0.999999999999998, 0.9999999999999989, 1.0, 1.000000000000004, 1.000000000000003, 1.000000000000003, 0.9999999999999996, 1.0000000000000027, 1.0000000000000036, 1.0000000000000022, 1.000000000000004, 1.000000000000007, 1.000000000000003, 1.0000000000000036, 1.0000000000000036, 1.0000000000000018, 1.0000000000000084, 1.0000000000000036, 1.0000000000000022, 1.0000000000000027, 1.0000000000000058, 1.0000000000000009, 1.0000000000000036, 1.0000000000000009, 1.0000000000000067, 1.0000000000000027, 1.0000000000000067, 1.0000000000000018, 1.0000000000000027, 1.0000000000000062, 1.0000000000000022, 1.000000000000004, 1.000000000000004, 1.0000000000000093, 1.0000000000000044, 1.0000000000000027, 1.0000000000000013, 0.9999999999999978, 1.0000000000000022, 1.0000000000000044, 1.0000000000000089, 1.0000000000000018, 1.0000000000000018, 1.0000000000000009, 1.000000000000003, 1.000000000000003, 1.0000000000000004, 1.000000000000003, 1.0000000000000053, 1.0000000000000027, 1.000000000000008, 1.0000000000000022, 1.0, 0.9999999999999993, 1.0000000000000044, 1.0000000000000022, 1.0000000000000009, 0.9999999999999996, 1.0000000000000009, 1.0000000000000004, 1.0000000000000044, 1.0000000000000022, 0.9999999999999996, 1.0000000000000004, 1.0000000000000067, 1.0000000000000013, 1.000000000000007, 1.0000000000000027, 1.0000000000000009, 1.0000000000000053, 1.0000000000000018, 1.0000000000000049, 0.9999999999999993, 1.0000000000000013, 1.0000000000000036, 1.000000000000003, 1.0000000000000013, 1.0000000000000018, 1.0000000000000018, 0.9999999999999996, 1.0, 1.0000000000000004, 1.0000000000000027, 1.0000000000000009, 1.0000000000000022, 1.0000000000000067, 1.0000000000000027, 1.0000000000000018, 1.0000000000000027, 0.9999999999999993, 1.0000000000000067, 1.0000000000000022, 1.0000000000000022, 1.0000000000000027, 1.0000000000000044, 1.0000000000000018, 1.0000000000000062, 1.0000000000000036, 1.0000000000000044, 1.0000000000000009, 1.000000000000003, 1.0000000000000022, 1.0000000000000027, 1.0000000000000049, 0.9999999999999996, 1.000000000000004, 1.0000000000000044, 1.000000000000008, 1.0000000000000062, 1.0000000000000018, 1.000000000000004, 1.0000000000000036, 1.0000000000000049, 0.9999999999999993, 1.0000000000000062, 1.0000000000000058, 0.9999999999999993, 1.0, 1.000000000000003, 1.000000000000007, 1.0000000000000067, 1.000000000000003, 1.0000000000000018, 1.0000000000000036, 1.0000000000000036, 1.0000000000000004, 1.0000000000000036, 1.0000000000000036, 1.0000000000000053, 1.0000000000000062, 1.0000000000000067, 1.0000000000000049, 1.0000000000000022, 1.0000000000000062, 1.0000000000000102, 1.0000000000000058, 1.0000000000000013, 1.0000000000000022, 1.0000000000000009, 1.0000000000000022, 1.0000000000000058, 1.0000000000000013, 1.000000000000003, 1.0000000000000027, 1.0000000000000062, 1.0000000000000058, 1.0000000000000009, 1.0000000000000036, 0.9999999999999984, 1.0000000000000027, 1.0000000000000022, 0.9999999999999993, 1.0000000000000058, 1.0000000000000044, 1.0000000000000009, 1.0000000000000018, 1.0000000000000009, 1.0000000000000053, 1.0000000000000022, 1.0000000000000075, 1.0000000000000036, 1.0000000000000098, 1.0000000000000062, 1.0000000000000009, 1.000000000000004, 1.0000000000000044, 1.0000000000000036, 1.000000000000003, 1.0000000000000049, 1.000000000000003, 1.0000000000000062, 0.9999999999999998, 1.0000000000000067, 1.0000000000000036, 1.0000000000000009, 1.0000000000000053, 1.000000000000004, 0.9999999999999991, 1.0000000000000013, 1.0000000000000013, 1.0000000000000053, 1.0000000000000036, 1.000000000000004, 1.000000000000007, 1.0000000000000093, 1.000000000000007, 1.0000000000000036, 1.000000000000003, 1.0000000000000036, 1.0000000000000004, 1.0000000000000022, 1.000000000000004, 1.0000000000000013, 1.000000000000003, 1.000000000000008, 1.0000000000000058, 1.0000000000000053, 1.0000000000000022, 1.0000000000000036, 1.0000000000000036, 1.0000000000000036, 1.0000000000000022, 1.0000000000000036, 1.000000000000004, 1.0000000000000058, 1.0000000000000044, 1.0000000000000044, 1.0000000000000018, 1.0000000000000089, 1.0000000000000027, 1.0000000000000049, 1.0000000000000027, 1.0000000000000062, 1.0, 1.000000000000008, 1.0000000000000036, 1.0000000000000084, 1.0000000000000044, 1.0000000000000049, 1.0000000000000053, 0.9999999999999976, 1.000000000000007, 1.000000000000004, 1.000000000000007, 1.0000000000000058, 1.0000000000000067]
[-7.610949999993192, -7.610949999999894, -7.610949999999944, -7.610950000000033, -7.610949999999988, -7.610950000000016, -7.610949999999988, -7.610950000000005, -7.610950000000001, -7.6109500000000185, -7.610950000000009, -7.610949999999981, -7.610949999999957, -7.610950000000017, -7.6109499999999795, -7.610950000000001, -7.610949999999946, -7.610949999999999, -7.610950000000018, -7.61094999999999, -7.6109500000000265, -7.610950000000047, -7.610950000000009, -7.610950000000005, -7.610950000000002, -7.610950000000007, -7.610949999999968, -7.610950000000013, -7.610949999999959, -7.610949999999992, -7.610949999999982, -7.610950000000052, -7.610949999999997, -7.610949999999983, -7.610950000000006, -7.610949999999968, -7.610950000000026, -7.610950000000018, -7.610949999999999, -7.61095000000001, -7.610949999999998, -7.6109500000000185, -7.6109499999999795, -7.610949999999995, -7.610950000000038, -7.610949999999971, -7.610950000000027, -7.610950000000008, -7.610950000000006, -7.610950000000005, -7.610950000000044, -7.610950000000044, -7.610950000000018, -7.610949999999996, -7.610949999999986, -7.610949999999966, -7.610949999999948, -7.610950000000003, -7.610950000000005, -7.61094999999995, -7.610949999999996, -7.610950000000005, -7.610950000000031, -7.610950000000043, -7.610950000000011, -7.610949999999986, -7.6109500000000185, -7.610950000000021, -7.610949999999972, -7.61095, -7.610950000000008, -7.610949999999951, -7.610950000000031, -7.610950000000017, -7.61095000000008, -7.61094999999998, -7.610950000000027, -7.610950000000004, -7.610950000000066, -7.610950000000009, -7.610950000000052, -7.610950000000016, -7.610950000000063, -7.610950000000027, -7.610950000000033, -7.610949999999902, -7.610949999999972, -7.610949999999985, -7.610950000000051, -7.61095, -7.61094999999998, -7.610950000000032, -7.610950000000039, -7.610950000000026, -7.610949999999996, -7.610949999999983, -7.610949999999918, -7.610949999999961, -7.610949999999932, -7.610949999999966, -7.6109499999999475, -7.6109500000000185, -7.610949999999941, -7.610950000000022, -7.610950000000028, -7.610950000000008, -7.610950000000008, -7.6109500000000105, -7.610950000000005, -7.6109500000000345, -7.610950000000044, -7.610950000000036, -7.61095000000001, -7.610950000000004, -7.610950000000039, -7.610950000000004, -7.610949999999955, -7.6109499999999715, -7.610950000000006, -7.610950000000007, -7.61094999999999, -7.610949999999999, -7.610949999999982, -7.61095, -7.610949999999962, -7.610950000000004, -7.610949999999976, -7.610949999999964, -7.61095, -7.610949999999967, -7.610950000000024, -7.610950000000002, -7.6109500000000025, -7.61095000000001, -7.610950000000026, -7.610949999999995, -7.610949999999979, -7.610950000000039, -7.610949999999958, -7.610950000000022, -7.6109500000000105, -7.610950000000002, -7.6109499999999946, -7.61094999999999, -7.610949999999991, -7.610950000000003, -7.61094999999998, -7.6109500000000105, -7.610949999999984, -7.610949999999976, -7.6109500000000105, -7.610950000000012, -7.6109500000000265, -7.610950000000036, -7.610949999999965, -7.610949999999984, -7.610949999999938, -7.610949999999979, -7.610949999999995, -7.610950000000019, -7.610949999999982, -7.610950000000039, -7.61095000000002, -7.610950000000013, -7.61095, -7.610949999999961, -7.610950000000001, -7.610949999999997, -7.610949999999954, -7.610949999999965, -7.61095000000003, -7.610950000000048, -7.610949999999996, -7.610949999999958, -7.610949999999988, -7.610950000000041, -7.610950000000012, -7.610950000000004, -7.610949999999978, -7.610949999999987, -7.610950000000017, -7.610950000000009, -7.610949999999948, -7.610950000000017, -7.610950000000012, -7.610949999999991, -7.610950000000001, -7.610950000000011, -7.610949999999962, -7.610950000000049, -7.610950000000007, -7.610950000000005, -7.6109499999999795, -7.610950000000004, -7.610949999999968, -7.6109500000000185, -7.6109500000000105, -7.61095000000003, -7.610950000000017, -7.610949999999959, -7.610949999999999, -7.610949999999989, -7.610950000000002, -7.6109500000000345, -7.61095000000002, -7.610950000000026, -7.610950000000018, -7.61095000000001, -7.610950000000031, -7.610949999999976, -7.61095000000004, -7.610949999999959, -7.610950000000016, -7.610949999999963, -7.6109499999999946, -7.610950000000008, -7.610949999999969, -7.610949999999965, -7.610949999999993, -7.610949999999946, -7.610950000000006, -7.610949999999961, -7.61095000000001, -7.610950000000001, -7.610950000000017, -7.610950000000009, -7.610950000000005, -7.610950000000007, -7.610949999999984, -7.610949999999947, -7.610950000000003, -7.610949999999986, -7.610949999999964, -7.610949999999947, -7.610949999999976, -7.610950000000004, -7.610949999999966, -7.610950000000038, -7.610950000000007, -7.610949999999963, -7.610950000000029, -7.61095000000004, -7.610950000000027, -7.610950000000006, -7.610949999999988, -7.610949999999956, -7.610949999999956, -7.610950000000034, -7.610950000000002, -7.610949999999941, -7.610949999999986, -7.610949999999947, -7.610949999999967, -7.610949999999988, -7.610949999999965, -7.61095000000001, -7.610949999999952, -7.610950000000027, -7.610950000000011, -7.610950000000005, -7.610950000000036, -7.610949999999993, -7.610949999999997, -7.610949999999989, -7.610950000000045, -7.610949999999975, -7.61094999999997, -7.610949999999941, -7.6109499999999715, -7.6109499999999555, -7.610950000000022, -7.610949999999999, -7.6109500000000185, -7.610949999999988, -7.610950000000042, -7.610950000000014, -7.610950000000031, -7.610950000000006, -7.610949999999963, -7.610949999999964, -7.6109499999999715, -7.610950000000058, -7.610949999999961, -7.6109499999999946, -7.610949999999969, -7.610949999999965, -7.6109499999999395, -7.610949999999975, -7.610949999999983, -7.610949999999948, -7.6109500000000185, -7.610949999999923, -7.610949999999988, -7.6109499999999874, -7.610950000000003, -7.610949999999952, -7.610950000000021, -7.610949999999997, -7.610949999999992, -7.61094999999996, -7.610949999999971, -7.610949999999961, -7.610949999999982, -7.610950000000021, -7.610949999999962, -7.610949999999968, -7.610949999999972, -7.610949999999965, -7.610949999999959, -7.610949999999946, -7.610949999999993, -7.610950000000012, -7.610950000000053, -7.610950000000018, -7.610949999999954, -7.610949999999928, -7.610949999999986, -7.610949999999986, -7.610949999999991, -7.610949999999955, -7.610949999999972, -7.6109500000000025, -7.610949999999965, -7.610949999999978, -7.610949999999966, -7.610949999999962, -7.610950000000008, -7.610950000000011, -7.610950000000047, -7.6109499999999315, -7.610949999999965, -7.610950000000002, -7.610949999999984, -7.610950000000013, -7.610950000000024, -7.610949999999989, -7.610950000000018, -7.610949999999987, -7.610949999999998, -7.6109499999998995, -7.6109499999999874, -7.610949999999986, -7.610949999999975, -7.610949999999971, -7.61094999999996, -7.610950000000028, -7.6109500000000025, -7.610950000000026, -7.610950000000039, -7.610949999999979, -7.610949999999999, -7.610950000000002, -7.610950000000025, -7.610949999999984, -7.610950000000048, -7.610950000000023, -7.61095000000004, -7.610949999999991, -7.610949999999954, -7.610949999999979, -7.610949999999962, -7.610950000000009, -7.610950000000006, -7.61095, -7.610950000000047, -7.610949999999949, -7.610949999999995, -7.610950000000005, -7.610949999999991, -7.610949999999967, -7.610949999999986, -7.6109499999999795, -7.610949999999988, -7.610949999999986, -7.610950000000028, -7.610949999999972, -7.610949999999995, -7.61094999999998, -7.610949999999992, -7.610950000000008, -7.610950000000008, -7.610949999999983, -7.6109499999999555, -7.610949999999966, -7.610950000000018, -7.610949999999993, -7.610950000000006, -7.610949999999985, -7.61095000000001, -7.610949999999991, -7.610949999999964, -7.610950000000047, -7.6109499999999795, -7.61094999999998, -7.610949999999961, -7.610949999999961, -7.610949999999977, -7.610950000000003, -7.610950000000008, -7.610950000000028, -7.610949999999996, -7.610950000000003, -7.610949999999995, -7.610949999999972, -7.61094999999999, -7.610949999999922, -7.610950000000007, -7.61095000000005, -7.610949999999984, -7.610949999999951, -7.610949999999996, -7.610950000000012, -7.6109500000000105, -7.610950000000045, -7.610949999999983, -7.610949999999956, -7.610950000000019, -7.610949999999995, -7.610949999999979, -7.610949999999979, -7.610949999999937, -7.61095000000001, -7.610949999999956, -7.610949999999989, -7.610950000000007, -7.610949999999998, -7.6109500000000105, -7.610949999999996, -7.61094999999996, -7.61094999999996, -7.610950000000021, -7.610950000000005, -7.610949999999999, -7.610949999999969, -7.61094999999996, -7.6109499999999635, -7.610949999999942, -7.610949999999984, -7.610949999999976, -7.610950000000029, -7.610949999999988, -7.610949999999942, -7.610949999999999, -7.610950000000009, -7.61095, -7.610949999999944, -7.610950000000027, -7.610949999999957, -7.6109499999999715, -7.6109500000000185, -7.610949999999997, -7.6109499999999715, -7.610950000000036, -7.610950000000019, -7.61094999999999, -7.610949999999987, -7.610949999999986, -7.6109499999999795, -7.610949999999963, -7.6109499999999715, -7.610949999999984, -7.610950000000017, -7.610949999999999, -7.610949999999936, -7.610949999999971, -7.610949999999994, -7.610949999999987, -7.610950000000014, -7.6109499999999475, -7.610949999999958, -7.610949999999984, -7.610949999999967, -7.610950000000014, -7.610949999999983, -7.61094999999999, -7.610950000000008, -7.610950000000011, -7.610949999999994, -7.6109500000000025, -7.610949999999975, -7.610950000000013, -7.610949999999971, -7.610950000000027, -7.610949999999916, -7.610949999999995, -7.6109499999999555, -7.610949999999989, -7.610949999999929, -7.610949999999994, -7.610949999999928, -7.610950000000004, -7.610949999999974, -7.61095000000001, -7.610949999999971, -7.610949999999971, -7.61095000000003, -7.610949999999975, -7.610949999999988, -7.610949999999957, -7.6109499999999874, -7.61094999999995]
[1.0, 0.9992002764991256, 0.9968044214112465, 0.9928223616921289, 0.9872705781138161, 0.9801720095247916, 0.9715559197914523, 0.9614577283874479, 0.9499188058567575, 0.9369862356248485, 0.9227125438661555, 0.9071553993545409, 0.8903772854229713, 0.87244514633978, 0.8534300105681788, 0.8334065935137162, 0.8124528824793424, 0.7906497066397654, 0.7680802949151564, 0.7448298246694507, 0.72098496418062, 0.696633411829757, 0.6718634349337523, 0.6467634111033721, 0.6214213749458789, 0.5959245728504738, 0.5703590284967659, 0.5448091216129997, 0.5193571823831761, 0.4940831037623662, 0.469063973808416, 0.4443737299781904, 0.4200828371683029, 0.3962579911057973, 0.3729618485146578, 0.3502527853007802, 0.328184683812115, 0.3068067500433855, 0.28616336146704663, 0.2662939459847599, 0.24723289230761658, 0.22900949188927378, 0.2116479123546326, 0.19516720218843886, 0.17958132627359288, 0.16489923169857637, 0.1511249430875855, 0.13825768654617765, 0.12629204115998596, 0.11521811683448137, 0.10502175712063906, 0.09568476553480965, 0.08718515375187616, 0.07949740992914434, 0.07259278530515594, 0.06643959711311315, 0.061003545753651356, 0.05624804408680051, 0.05213455662895826, 0.04862294637812607, 0.045671826940309294, 0.04323891759252112, 0.0412813988939166, 0.03975626644684874, 0.03862068041465704, 0.037832308423264654, 0.03734965950958814, 0.03713240683162872, 0.03714169692314481, 0.03734044335999521, 0.03769360280550829, 0.0381684315183191, 0.03873472053755834, 0.03936500790649367, 0.040034766455939064, 0.04072256584194658, 0.04141020771744739, 0.04208283311319645, 0.04272900130828833, 0.04334073968291925, 0.04391356426439683, 0.04444647089971721, 0.04494189721249654, 0.045405655726699495, 0.045846838762408255, 0.04627769592784823, 0.04671348524504508, 0.04717229915179291, 0.04767486681831372, 0.04824433440112212, 0.048906025027621876, 0.049687180461206355, 0.05061668653675494, 0.05172478457917716, 0.053042771121949064, 0.05460268832765682, 0.0564370075776244, 0.05857830874242229, 0.06105895766907882, 0.0639107844242026, 0.06716476481503547, 0.07085070767311566, 0.07499695032824949, 0.0796300646245595, 0.0847745757363831, 0.09045269593079511, 0.09668407529653496, 0.1034855713175782, 0.11087103901467746, 0.11885114321146893, 0.12743319430462652, 0.1366210087316285, 0.14641479513650998, 0.15681106703517358, 0.16780258257893949, 0.1793783118096429, 0.1915234315933747, 0.20421934821425963, 0.21744374740621172, 0.23117067140060718, 0.24537062237286275, 0.2600106914821365, 0.2750547125172784, 0.2904634389896511, 0.30619474335093383, 0.32220383686235476, 0.33844350850188026, 0.35486438116901076, 0.37141518333299817, 0.38804303417119174, 0.4046937401595133, 0.4213121010078924, 0.43784222278004725, 0.4542278359993923, 0.47041261652174376, 0.48634050695047953, 0.5019560363811612, 0.5172046362900612, 0.5320329504245429, 0.5463891366118857, 0.5602231584772439, 0.5734870651495274, 0.5861352571359986, 0.5981247366612161, 0.6094153408923472, 0.619969956610674, 0.6297547150358127, 0.6387391656650964, 0.6468964281529026, 0.6542033214232871, 0.6606404693818025, 0.6661923827680367, 0.6708475168670759, 0.6745983049748141, 0.677441167687073, 0.6793764982543752, 0.6804086244112604, 0.6805457472509214, 0.6797998578696355, 0.6781866326515678, 0.6757253082005507, 0.6724385370513819, 0.6683522254073776, 0.6634953542533125, 0.6578997852823356, 0.6516000531518887, 0.6446331456466319, 0.6370382733754325, 0.6288566306655491, 0.6201311493386644, 0.6109062470627046, 0.6012275719688127, 0.5911417452066399, 0.5806961030823103, 0.5699384403839738, 0.5589167564497525, 0.547679005473224, 0.5362728524732142, 0.5247454362784915, 0.5131431407949123, 0.5015113757337201, 0.48989436788567403, 0.478334963928012, 0.46687444565017144, 0.4555523583811996, 0.4444063532973741, 0.4334720441836399, 0.42278287911790224, 0.41237002744358153, 0.4022622822938739, 0.3924859788313331, 0.38306492826955874, 0.374020367649805, 0.36537092525538095, 0.3571326014604573, 0.34931876472814516, 0.34194016239528763, 0.3350049458089204, 0.3285187093114942, 0.32248454250936587, 0.31690309520122056, 0.31177265429050216, 0.30708923195851673, 0.3028466643322098, 0.2990367198434674, 0.29564921644414177, 0.29267214681367454, 0.29009181067347456, 0.287892953304308, 0.2860589093497732, 0.2845717509802451, 0.28341243948756034, 0.2825609793808523, 0.28199657405846745, 0.2816977821395841, 0.2816426735518178, 0.2818089844878968, 0.28217427036504855, 0.2827160559451107, 0.28341198180140004, 0.2842399463500233, 0.2851782426982263, 0.2862056896008258, 0.28730175585720585, 0.2884466775259262, 0.2896215673813778, 0.29080851608710356, 0.2919906846129248, 0.29315238747805755, 0.2942791664593789, 0.2953578544628725, 0.2963766293168239, 0.2973250573070627, 0.2981941263373637, 0.2989762686617167, 0.29966537319889663, 0.30025678750390067, 0.3007473095341398, 0.3011351694113467, 0.30142000144173264, 0.3016028067172927, 0.3016859066793994, 0.3016728880819561, 0.3015685398446438, 0.30137878233703946, 0.3011105896811883, 0.3007719057030537, 0.300371554201981, 0.2999191442415175, 0.29942497119416467, 0.29889991429696683, 0.2983553314936179, 0.2978029523521587, 0.29725476985488336, 0.2967229318589919, 0.29621963302234255, 0.295757007978708, 0.29534702653119266, 0.29500139161071304, 0.2947314407193344, 0.2945480515455369, 0.29446155240054056, 0.29448163808219313, 0.2946172917254774, 0.2948767131473047, 0.2952672541380061, 0.29579536109357646, 0.29646652532133805, 0.29728524128859685, 0.2982549730185331, 0.29937812877163245, 0.30065604408438373, 0.302088973170422, 0.30367608862371687, 0.30541548929885565, 0.30730421618103254, 0.309338275998189, 0.311512672270715, 0.313821443440307, 0.31625770766991385, 0.31881371386117546, 0.32148089839499777, 0.32424994706505134, 0.32711086164342384, 0.33005303049245827, 0.33306530261719197, 0.33613606453877837, 0.33925331936089514, 0.3424047673983208, 0.34557788773948367, 0.34876002012274954, 0.3519384465191668, 0.355100471832252, 0.35823350314760566, 0.3613251269917109, 0.3643631840892968, 0.36733584114228657, 0.3702316591896666, 0.37303965814660633, 0.3757493771618467, 0.3783509304749423, 0.3808350584981949, 0.38319317389239815, 0.3854174024495234, 0.38750061863971963, 0.3894364757231945, 0.3912194303699895, 0.39284476177180944, 0.39430858526928375, 0.39560786055579666, 0.3967403945542024, 0.39770483909599613, 0.3985006835629721, 0.39912824267947977, 0.3995886396687364, 0.3998837850090976, 0.4000163510462639, 0.39998974273426524, 0.39980806479267095, 0.39947608557911174, 0.3989991979854317, 0.3983833776725865, 0.39763513896375224, 0.39676148871733813, 0.3957698785016783, 0.3946681553913238, 0.39346451170135793, 0.39216743397065895, 0.39078565149851513, 0.3893280847306672, 0.3878037937816467, 0.3862219273697609, 0.3845916724297949, 0.3829222046562253, 0.3812226402168756, 0.3795019888634452, 0.3777691086512712, 0.3760326624663435, 0.37430107654276873, 0.37258250113897395, 0.37088477352562843, 0.36921538342318816, 0.36758144101145845, 0.36598964761830294, 0.36444626917942335, 0.3629571125458016, 0.3615275047004745, 0.36016227493140995, 0.3588657399924526, 0.3576416922701588, 0.3564933909597548, 0.35542355624002575, 0.3544343664230255, 0.3535274580415086, 0.35270392882406054, 0.35196434349545624, 0.3513087423278426, 0.3507366523566594, 0.3502471011642187, 0.3498386331231489, 0.3495093279819854, 0.34925682166550304, 0.34907832915350645, 0.3489706692935355, 0.3489302913949984, 0.3489533034454546, 0.34903550178324033, 0.3491724020550155, 0.3493592712819729, 0.3495911608542869, 0.3498629402700346, 0.35016933143244167, 0.35050494331755244, 0.35086430682377423, 0.35124190961485174, 0.35163223076885564, 0.3520297750478571, 0.35242910660577026, 0.35282488195579903, 0.3532118820237114, 0.3535850431188443, 0.3539394866615406, 0.3542705475130653, 0.3545738007627049, 0.3548450868358534, 0.35508053479699775, 0.35527658373236415, 0.3554300021083886, 0.3555379050143674, 0.3555977692102701, 0.35560744591384713, 0.3555651712746768, 0.35546957449663763, 0.3553196835843704, 0.3551149287032898, 0.3548551431570636, 0.3545405620002932, 0.3541718183182144, 0.3537499372185632, 0.35327632759408933, 0.35275277172668223, 0.35218141281624016, 0.3515647405287601, 0.3509055746686504, 0.3502070470901788, 0.34947258197170633, 0.3487058745843516, 0.3479108686936133, 0.3470917327383603, 0.34625283493637243, 0.3453987174694289, 0.34453406990353613, 0.34366370200149915, 0.3427925160856649, 0.3419254791080673, 0.34106759458390945, 0.34022387454188957, 0.33939931164163495, 0.33859885160452274, 0.33782736609938196, 0.3370896262190846, 0.33639027667807403, 0.3357338108542887, 0.3351245467920426, 0.3345666042749154, 0.33406388307031887, 0.3336200424393308, 0.33323848199759243, 0.3329223240048192, 0.3326743971524724, 0.33249722191096154, 0.33239299748974815, 0.3323635904556832, 0.332410525047143, 0.3325349752137397, 0.3327377584038891, 0.33301933111501064, 0.33337978621407005, 0.3338188520288513, 0.3343358932036747, 0.33492991330632554, 0.3355995591663888, 0.33634312691873464, 0.3371585697194272, 0.33804350709512276, 0.3389952358808888, 0.3400107426952432, 0.3410867178953015, 0.34221957094914407, 0.34340544715656646, 0.3446402456440095, 0.3459196385538194, 0.34723909134267167, 0.3485938840989118, 0.3499791337836156, 0.35138981729533003, 0.35282079525422483, 0.3542668363970505, 0.3557226424706302, 0.3571828735080657, 0.3586421733689313, 0.36009519542202, 0.3615366282471931, 0.36296122123125046, 0.36436380993167844, 0.36573934108157824, 0.367082897109281, 0.36838972004672743, 0.3696552347020007, 0.370875070973443, 0.37204508518523566, 0.37316138032754176, 0.37422032508831704, 0.3752185715681353, 0.3761530715747601, 0.377021091399722, 0.37782022498566925, 0.3785484054001397, 0.37920391453893537, 0.3797853909904031, 0.3802918360005127, 0.38072261748774605, 0.3810774720664984, 0.381356505047673, 0.38156018839567424, 0.38168935663187226, 0.38174520068585627, 0.38172925970715993, 0.38164341086215314, 0.3814898571523861, 0.3812711133031747, 0.38098998978293347, 0.3806495750263849, 0.38025321594639067, 0.3798044968315956, 0.3793072167383604, 0.378765365497172, 0.3781830984646, 0.3775647101623077, 0.3769146069546786, 0.3762372789256657]
[0.0, 0.01, 0.02, 0.03, 0.04, 0.05, 0.06, 0.07, 0.08, 0.09, 0.1, 0.11, 0.12, 0.13, 0.14, 0.15, 0.16, 0.17, 0.18, 0.19, 0.2, 0.21, 0.22, 0.23, 0.24, 0.25, 0.26, 0.27, 0.28, 0.29, 0.3, 0.31, 0.32, 0.33, 0.34, 0.35, 0.36, 0.37, 0.38, 0.39, 0.4, 0.41, 0.42, 0.43, 0.44, 0.45, 0.46, 0.47, 0.48, 0.49, 0.5, 0.51, 0.52, 0.53, 0.54, 0.55, 0.56, 0.57, 0.58, 0.59, 0.6, 0.61, 0.62, 0.63, 0.64, 0.65, 0.66, 0.67, 0.68, 0.69, 0.7, 0.71, 0.72, 0.73, 0.74, 0.75, 0.76, 0.77, 0.78, 0.79, 0.8, 0.81, 0.82, 0.83, 0.84, 0.85, 0.86, 0.87, 0.88, 0.89, 0.9, 0.91, 0.92, 0.93, 0.94, 0.95, 0.96, 0.97, 0.98, 0.99, 1.0, 1.01, 1.02, 1.03, 1.04, 1.05, 1.06, 1.07, 1.08, 1.09, 1.1, 1.11, 1.12, 1.13, 1.14, 1.15, 1.16, 1.17, 1.18, 1.19, 1.2, 1.21, 1.22, 1.23, 1.24, 1.25, 1.26, 1.27, 1.28, 1.29, 1.3, 1.31, 1.32, 1.33, 1.34, 1.35, 1.36, 1.37, 1.38, 1.39, 1.4, 1.41, 1.42, 1.43, 1.44, 1.45, 1.46, 1.47, 1.48, 1.49, 1.5, 1.51, 1.52, 1.53, 1.54, 1.55, 1.56, 1.57, 1.58, 1.59, 1.6, 1.61, 1.62, 1.63, 1.64, 1.65, 1.66, 1.67, 1.68, 1.69, 1.7, 1.71, 1.72, 1.73, 1.74, 1.75, 1.76, 1.77, 1.78, 1.79, 1.8, 1.81, 1.82, 1.83, 1.84, 1.85, 1.86, 1.87, 1.88, 1.89, 1.9, 1.91, 1.92, 1.93, 1.94, 1.95, 1.96, 1.97, 1.98, 1.99, 2.0, 2.01, 2.02, 2.03, 2.04, 2.05, 2.06, 2.07, 2.08, 2.09, 2.1, 2.11, 2.12, 2.13, 2.14, 2.15, 2.16, 2.17, 2.18, 2.19, 2.2, 2.21, 2.22, 2.23, 2.24, 2.25, 2.26, 2.27, 2.28, 2.29, 2.3, 2.31, 2.32, 2.33, 2.34, 2.35, 2.36, 2.37, 2.38, 2.39, 2.4, 2.41, 2.42, 2.43, 2.44, 2.45, 2.46, 2.47, 2.48, 2.49, 2.5, 2.51, 2.52, 2.53, 2.54, 2.55, 2.56, 2.57, 2.58, 2.59, 2.6, 2.61, 2.62, 2.63, 2.64, 2.65, 2.66, 2.67, 2.68, 2.69, 2.7, 2.71, 2.72, 2.73, 2.74, 2.75, 2.76, 2.77, 2.78, 2.79, 2.8, 2.81, 2.82, 2.83, 2.84, 2.85, 2.86, 2.87, 2.88, 2.89, 2.9, 2.91, 2.92, 2.93, 2.94, 2.95, 2.96, 2.97, 2.98, 2.99, 3.0, 3.01, 3.02, 3.03, 3.04, 3.05, 3.06, 3.07, 3.08, 3.09, 3.1, 3.11, 3.12, 3.13, 3.14, 3.15, 3.16, 3.17, 3.18, 3.19, 3.2, 3.21, 3.22, 3.23, 3.24, 3.25, 3.26, 3.27, 3.28, 3.29, 3.3, 3.31, 3.32, 3.33, 3.34, 3.35, 3.36, 3.37, 3.38, 3.39, 3.4, 3.41, 3.42, 3.43, 3.44, 3.45, 3.46, 3.47, 3.48, 3.49, 3.5, 3.51, 3.52, 3.53, 3.54, 3.55, 3.56, 3.57, 3.58, 3.59, 3.6, 3.61, 3.62, 3.63, 3.64, 3.65, 3.66, 3.67, 3.68, 3.69, 3.7, 3.71, 3.72, 3.73, 3.74, 3.75, 3.76, 3.77, 3.78, 3.79, 3.8, 3.81, 3.82, 3.83, 3.84, 3.85, 3.86, 3.87, 3.88, 3.89, 3.9, 3.91, 3.92, 3.93, 3.94, 3.95, 3.96, 3.97, 3.98, 3.99, 4.0, 4.01, 4.02, 4.03, 4.04, 4.05, 4.06, 4.07, 4.08, 4.09, 4.1, 4.11, 4.12, 4.13, 4.14, 4.15, 4.16, 4.17, 4.18, 4.19, 4.2, 4.21, 4.22, 4.23, 4.24, 4.25, 4.26, 4.27, 4.28, 4.29, 4.3, 4.31, 4.32, 4.33, 4.34, 4.35, 4.36, 4.37, 4.38, 4.39, 4.4, 4.41, 4.42, 4.43, 4.44, 4.45, 4.46, 4.47, 4.48, 4.49, 4.5, 4.51, 4.52, 4.53, 4.54, 4.55, 4.56, 4.57, 4.58, 4.59, 4.6, 4.61, 4.62, 4.63, 4.64, 4.65, 4.66, 4.67, 4.68, 4.69, 4.7, 4.71, 4.72, 4.73, 4.74, 4.75, 4.76, 4.77, 4.78, 4.79, 4.8, 4.81, 4.82, 4.83, 4.84, 4.85, 4.86, 4.87, 4.88, 4.89, 4.9, 4.91, 4.92, 4.93, 4.94, 4.95, 4.96, 4.97, 4.98, 4.99, 5.0]
