Hermiticity check passed!
Symmetry checks passed!
Hermiticity check passed!
Symmetry checks passed!
  (0, 0)	-18.0
  (0, 1)	-0.913314
  (1, 0)	-0.9133140000000001
  (1, 1)	-10.0
  (1, 2)	-0.608876
  (1, 4)	-0.608876
  (1, 5)	-0.8610806970034807
  (2, 1)	-0.608876
  (2, 2)	-6.0
  (2, 3)	-0.5273020837546538
  (2, 6)	-0.608876
  (2, 7)	-0.43054034850174033
  (3, 2)	-0.5273020837546538
  (3, 3)	-6.0
  (3, 8)	-0.7457177583134251
  (4, 1)	-0.608876
  (4, 4)	-6.0
  (4, 6)	-0.608876
  (4, 11)	-0.5273020837546538
  (4, 12)	-0.43054034850174033
  (5, 1)	-0.8610806970034807
  (5, 5)	-2.0
  (5, 6)	-0.43054034850174033
  (5, 7)	-0.608876
  (5, 12)	-0.608876
  :	:
  (13, 12)	-0.304438
  (13, 13)	-2.608876
  (13, 15)	-0.608876
  (14, 7)	-0.43054034850174033
  (14, 9)	-0.304438
  (14, 12)	-0.43054034850174033
  (14, 14)	6.0
  (14, 17)	-0.608876
  (15, 6)	-0.43054034850174033
  (15, 10)	-0.304438
  (15, 12)	-0.608876
  (15, 13)	-0.608876
  (15, 15)	2.0
  (15, 17)	-0.43054034850174033
  (16, 5)	-0.5273020837546538
  (16, 16)	6.0
  (16, 17)	-0.7457177583134251
  (17, 6)	-0.304438
  (17, 7)	-0.43054034850174033
  (17, 10)	-0.43054034850174033
  (17, 12)	-0.43054034850174033
  (17, 14)	-0.608876
  (17, 15)	-0.43054034850174033
  (17, 16)	-0.7457177583134251
  (17, 17)	5.391124
  (0, 1)	-3.0
  (1, 0)	-3.0
  (1, 2)	-2.0
  (1, 4)	-2.0
  (1, 5)	-2.8284271247461903
  (2, 1)	-2.0
  (2, 3)	-1.7320508075688772
  (2, 6)	-2.0
  (2, 7)	-1.4142135623730951
  (3, 2)	-1.7320508075688772
  (3, 8)	-2.449489742783178
  (4, 1)	-2.0
  (4, 6)	-2.0
  (4, 11)	-1.7320508075688772
  (4, 12)	-1.4142135623730951
  (5, 1)	-2.8284271247461903
  (5, 6)	-1.4142135623730951
  (5, 7)	-2.0
  (5, 12)	-2.0
  (5, 16)	-1.7320508075688772
  (6, 2)	-2.0
  (6, 4)	-2.0
  (6, 5)	-1.4142135623730951
  (6, 8)	-1.4142135623730951
  (6, 9)	-2.0
  :	:
  (13, 6)	-1.4142135623730951
  (13, 9)	-1.4142135623730951
  (13, 11)	-2.4494897427831783
  (13, 12)	-1.0
  (13, 13)	-2.0
  (13, 15)	-2.0
  (14, 7)	-1.4142135623730951
  (14, 9)	-1.0
  (14, 12)	-1.4142135623730951
  (14, 17)	-2.0
  (15, 6)	-1.4142135623730951
  (15, 10)	-1.0
  (15, 12)	-2.0
  (15, 13)	-2.0
  (15, 17)	-1.4142135623730951
  (16, 5)	-1.7320508075688772
  (16, 17)	-2.449489742783178
  (17, 6)	-1.0
  (17, 7)	-1.4142135623730951
  (17, 10)	-1.4142135623730951
  (17, 12)	-1.4142135623730951
  (17, 14)	-2.0
  (17, 15)	-1.4142135623730951
  (17, 16)	-2.4494897427831783
  (17, 17)	-2.0
[-18.10431834 -10.17447285]
[[-9.93488206e-01  1.12573771e-01]
 [-1.13475806e-01 -9.64563227e-01]
 [-5.76054419e-03 -1.48425695e-01]
 [-2.53209036e-04 -1.95127593e-02]
 [-5.76054419e-03 -1.48425695e-01]
 [-6.11145245e-03 -1.04937445e-01]
 [-6.03655063e-04 -2.85322185e-02]
 [-3.10533470e-04 -1.07723562e-02]
 [-3.67106983e-05 -4.27816775e-03]
 [-2.50134817e-05 -2.60109118e-03]
 [-2.43410348e-05 -1.85952589e-03]
 [-2.53209036e-04 -1.95127593e-02]
 [-3.10533470e-04 -1.07723562e-02]
 [-3.67106983e-05 -4.27816775e-03]
 [-1.20323970e-05 -6.77046058e-04]
 [-2.43410348e-05 -1.85952589e-03]
 [-1.34456460e-04 -3.48792419e-03]
 [-2.46738202e-05 -1.45041695e-03]]
[-9. -5.]
[[ 0.0625     -0.30233318]
 [ 0.1875     -0.50388864]
 [ 0.1875     -0.19505487]
 [ 0.10825318  0.01125934]
 [ 0.1875     -0.08311537]
 [ 0.26516504 -0.37338886]
 [ 0.375       0.12494067]
 [ 0.26516504 -0.16749958]
 [ 0.26516504  0.16090765]
 [ 0.1875      0.2257184 ]
 [ 0.26516504  0.06336804]
 [ 0.10825318  0.20514425]
 [ 0.26516504 -0.00919321]
 [ 0.26516504  0.47752039]
 [ 0.1875     -0.02416294]
 [ 0.26516504  0.22167442]
 [ 0.15309311 -0.15302045]
 [ 0.375      -0.04832589]]
[[ 0.0625    +0.j          0.1875    +0.j          0.1875    +0.j
  ...  0.26516504+0.j          0.15309311+0.j
   0.375     +0.j        ]
 [ 0.06122805+0.01288177j  0.18609415+0.02383324j  0.18685274+0.01637011j
  ...  0.2651255 +0.00196065j  0.15295585-0.00498948j
   0.3746638 -0.01222047j]
 [ 0.05745709+0.02528272j  0.18189582+0.04734255j  0.18491537+0.03263671j
  ...  0.26500695+0.0039128j   0.15254433-0.0099703j
   0.37365605-0.02441244j]
 ...
 [-0.08142704+0.06246957j  0.26485265+0.06743188j -0.024362  +0.2955936j
  ...  0.19733888-0.04342658j  0.12040779+0.07227412j
   0.27025442+0.12784368j]
 [-0.09223489+0.04918491j  0.25537275+0.0918869j  -0.04170557+0.29631116j
  ...  0.19868045-0.04447142j  0.1252601 +0.06671411j
   0.27779392+0.11835745j]
 [-0.10069774+0.03406358j  0.24360011+0.11503787j -0.05921872+0.29587708j
  ...  0.20003179-0.04545382j  0.12982106+0.06096332j
   0.28490266+0.10856721j]]
[1.0000000000000004, 1.0000000000000004, 1.0000000000000004, 1.0000000000000004, 1.0000000000000004, 1.0000000000000004, 1.0000000000000004, 1.0000000000000004, 1.0000000000000004, 1.0000000000000004, 1.0000000000000004, 1.0000000000000004, 1.0000000000000004, 1.0000000000000004, 1.0000000000000004, 1.0000000000000004, 1.0000000000000004, 1.0000000000000004, 1.0000000000000004, 1.0000000000000004, 1.0000000000000004, 1.0000000000000004, 1.0000000000000004, 1.0000000000000004, 1.0000000000000004, 1.0000000000000004, 1.0000000000000004, 1.0000000000000004, 1.0000000000000004, 1.0000000000000004, 1.0, 1.0000000000000009, 1.0000000000000004, 1.0, 1.0, 1.0000000000000004, 1.0, 1.0000000000000004, 0.9999999999999998, 1.0, 1.0, 1.0000000000000004, 1.0, 1.0, 1.0000000000000004, 0.9999999999999996, 1.0, 1.0, 0.9999999999999991, 0.9999999999999987, 0.9999999999999984, 0.9999999999999991, 0.9999999999999973, 1.0000000000000004, 0.9999999999999984, 0.9999999999999973, 0.9999999999999973, 0.9999999999999973, 0.9999999999999973, 0.9999999999999971, 0.9999999999999973, 0.9999999999999971, 0.9999999999999973, 0.9999999999999976, 0.9999999999999973, 0.9999999999999973, 0.9999999999999971, 0.9999999999999973, 0.9999999999999973, 0.9999999999999973, 0.9999999999999976, 0.9999999999999973, 0.9999999999999976, 0.9999999999999971, 0.9999999999999973, 0.9999999999999971, 0.9999999999999971, 0.9999999999999976, 0.9999999999999973, 0.9999999999999973, 0.9999999999999976, 0.9999999999999976, 0.9999999999999973, 0.9999999999999976, 0.9999999999999976, 0.9999999999999976, 0.9999999999999973, 0.9999999999999973, 0.9999999999999973, 0.9999999999999973, 0.9999999999999973, 0.9999999999999969, 0.9999999999999973, 0.999999999999998, 0.9999999999999971, 0.9999999999999976, 0.9999999999999971, 0.9999999999999973, 0.999999999999998, 0.9999999999999967, 0.9999999999999973, 0.999999999999998, 0.9999999999999971, 0.9999999999999987, 0.9999999999999984, 0.9999999999999989, 0.9999999999999989, 0.9999999999999982, 1.0, 0.9999999999999984, 1.0000000000000027, 1.0000000000000027, 1.0000000000000027, 1.0000000000000027, 1.0000000000000027, 1.0000000000000027, 1.0000000000000027, 1.0000000000000027, 1.0000000000000027, 1.0000000000000027, 1.0000000000000027, 1.0000000000000027, 1.0000000000000027, 1.0000000000000027, 1.000000000000003, 1.0000000000000022, 1.0000000000000027, 1.0000000000000027, 1.0000000000000027, 1.0000000000000027, 1.0000000000000027, 1.000000000000003, 1.000000000000003, 1.0000000000000027, 1.0000000000000027, 1.0000000000000027, 1.0000000000000027, 1.0000000000000027, 1.0000000000000027, 1.0000000000000027, 1.0000000000000027, 1.000000000000003, 1.000000000000003, 1.000000000000003, 1.0000000000000027, 1.000000000000003, 1.0000000000000027, 1.0000000000000027, 1.0000000000000027, 1.0000000000000027, 1.0000000000000027, 1.000000000000003, 1.0000000000000027, 1.0000000000000027, 1.0000000000000022, 1.0000000000000022, 1.0000000000000027, 1.0000000000000022, 1.0000000000000027, 1.0000000000000022, 1.0000000000000027, 1.0000000000000018, 1.0000000000000018, 1.0000000000000044, 1.000000000000004, 1.0000000000000049, 1.0000000000000049, 1.0000000000000049, 1.0000000000000049, 1.0000000000000044, 1.0000000000000049, 1.0000000000000049, 1.0000000000000049, 1.0000000000000049, 1.0000000000000044, 1.0000000000000049, 1.0000000000000049, 1.0000000000000049, 1.0000000000000049, 1.0000000000000049, 1.0000000000000049, 1.0000000000000049, 1.0000000000000049, 1.0000000000000049, 1.0000000000000049, 1.0000000000000044, 1.0000000000000049, 1.0000000000000049, 1.0000000000000044, 1.0000000000000044, 1.0000000000000049, 1.0000000000000049, 1.0000000000000049, 1.0000000000000049, 1.0000000000000044, 1.0000000000000049, 1.0000000000000049, 1.0000000000000049, 1.0000000000000049, 1.0000000000000053, 1.0000000000000049, 1.0000000000000049, 1.0000000000000049, 1.0000000000000049, 1.0000000000000049, 1.0000000000000049, 1.0000000000000058, 1.0000000000000062, 1.0000000000000053, 1.0000000000000058, 1.0000000000000062, 1.0000000000000062, 1.0000000000000062, 1.000000000000007, 1.0000000000000062, 1.0000000000000075, 1.0000000000000084, 1.000000000000007, 1.000000000000007, 1.0000000000000089, 1.0000000000000107, 1.0000000000000107, 1.0000000000000107, 1.0000000000000107, 1.0000000000000107, 1.0000000000000107, 1.0000000000000107, 1.0000000000000107, 1.0000000000000107, 1.0000000000000102, 1.0000000000000107, 1.0000000000000102, 1.0000000000000107, 1.0000000000000102, 1.000000000000011, 1.0000000000000107, 1.000000000000011, 1.0000000000000107, 1.0000000000000107, 1.0000000000000107, 1.0000000000000102, 1.0000000000000102, 1.0000000000000107, 1.0000000000000107, 1.0000000000000102, 1.0000000000000102, 1.0000000000000107, 1.0000000000000102, 1.0000000000000102, 1.0000000000000102, 1.0000000000000107, 1.0000000000000107, 1.0000000000000102, 1.0000000000000102, 1.0000000000000102, 1.0000000000000107, 1.0000000000000107, 1.0000000000000107, 1.0000000000000107, 1.0000000000000107, 1.0000000000000107, 1.0000000000000102, 1.0000000000000107, 1.0000000000000102, 1.0000000000000107, 1.000000000000011, 1.000000000000011, 1.0000000000000102, 1.000000000000011, 1.000000000000012, 1.000000000000012, 1.0000000000000129, 1.0000000000000124, 1.0000000000000129, 1.0000000000000124, 1.0000000000000138, 1.0000000000000138, 1.0000000000000142, 1.0000000000000142, 1.0000000000000138, 1.0000000000000138, 1.0000000000000142, 1.0000000000000138, 1.0000000000000142, 1.0000000000000138, 1.0000000000000138, 1.0000000000000142, 1.0000000000000142, 1.0000000000000138, 1.0000000000000142, 1.0000000000000142, 1.0000000000000138, 1.0000000000000142, 1.0000000000000138, 1.0000000000000142, 1.0000000000000138, 1.0000000000000138, 1.0000000000000142, 1.0000000000000138, 1.0000000000000138, 1.0000000000000138, 1.0000000000000142, 1.0000000000000142, 1.0000000000000138, 1.0000000000000138, 1.0000000000000138, 1.0000000000000142, 1.0000000000000138, 1.0000000000000138, 1.0000000000000138, 1.0000000000000138, 1.0000000000000138, 1.0000000000000138, 1.0000000000000138, 1.0000000000000133, 1.0000000000000138, 1.0000000000000138, 1.0000000000000142, 1.0000000000000133, 1.0000000000000133, 1.0000000000000147, 1.0000000000000138, 1.0000000000000138, 1.0000000000000142, 1.0000000000000138, 1.0000000000000138, 1.0000000000000138, 1.0000000000000142, 1.0000000000000155, 1.0000000000000138, 1.0000000000000164, 1.0000000000000164, 1.0000000000000173, 1.0000000000000164, 1.0000000000000164, 1.0000000000000169, 1.0000000000000169, 1.0000000000000164, 1.0000000000000164, 1.0000000000000164, 1.0000000000000169, 1.0000000000000164, 1.0000000000000169, 1.0000000000000169, 1.0000000000000169, 1.0000000000000169, 1.0000000000000169, 1.0000000000000169, 1.0000000000000169, 1.0000000000000169, 1.0000000000000164, 1.0000000000000169, 1.0000000000000164, 1.0000000000000164, 1.0000000000000169, 1.0000000000000164, 1.0000000000000169, 1.0000000000000164, 1.0000000000000169, 1.0000000000000169, 1.0000000000000169, 1.0000000000000169, 1.0000000000000169, 1.0000000000000169, 1.0000000000000169, 1.0000000000000169, 1.0000000000000169, 1.0000000000000169, 1.0000000000000164, 1.0000000000000169, 1.0000000000000169, 1.0000000000000173, 1.0000000000000169, 1.0000000000000169, 1.0000000000000173, 1.0000000000000169, 1.0000000000000164, 1.000000000000016, 1.000000000000015, 1.000000000000015, 1.0000000000000147, 1.0000000000000142, 1.0000000000000147, 1.0000000000000115, 1.0000000000000107, 1.0000000000000124, 1.0000000000000129, 1.0000000000000129, 1.0000000000000129, 1.0000000000000124, 1.0000000000000129, 1.0000000000000129, 1.0000000000000124, 1.0000000000000129, 1.0000000000000124, 1.0000000000000129, 1.0000000000000129, 1.0000000000000129, 1.0000000000000129, 1.0000000000000129, 1.0000000000000129, 1.0000000000000129, 1.0000000000000124, 1.0000000000000129, 1.0000000000000129, 1.0000000000000129, 1.0000000000000124, 1.0000000000000124, 1.0000000000000129, 1.0000000000000124, 1.0000000000000129, 1.0000000000000129, 1.0000000000000124, 1.0000000000000129, 1.0000000000000129, 1.0000000000000129, 1.0000000000000129, 1.0000000000000129, 1.0000000000000129, 1.0000000000000129, 1.0000000000000129, 1.0000000000000129, 1.0000000000000124, 1.0000000000000129, 1.0000000000000129, 1.0000000000000129, 1.0000000000000129, 1.0000000000000129, 1.0000000000000129, 1.0000000000000129, 1.0000000000000129, 1.0000000000000124, 1.0000000000000115, 1.0000000000000107, 1.0000000000000107, 1.0000000000000089, 1.000000000000012, 1.0000000000000098, 1.0000000000000124, 1.000000000000007, 1.0000000000000062, 1.0000000000000062, 1.0000000000000062, 1.0000000000000062, 1.0000000000000067, 1.0000000000000062, 1.0000000000000062, 1.0000000000000067, 1.0000000000000062, 1.0000000000000062, 1.0000000000000067, 1.0000000000000062, 1.0000000000000067, 1.0000000000000067, 1.0000000000000067, 1.0000000000000062, 1.0000000000000067, 1.0000000000000062, 1.0000000000000062, 1.0000000000000062, 1.0000000000000062, 1.0000000000000062, 1.0000000000000067, 1.0000000000000062, 1.0000000000000062, 1.0000000000000062, 1.0000000000000067, 1.0000000000000067, 1.0000000000000062, 1.0000000000000062, 1.0000000000000062, 1.0000000000000062, 1.0000000000000062, 1.0000000000000058, 1.0000000000000062, 1.0000000000000067, 1.0000000000000062, 1.0000000000000062, 1.0000000000000067, 1.0000000000000062, 1.0000000000000062, 1.0000000000000062, 1.0000000000000062, 1.0000000000000058, 1.0000000000000058, 1.0000000000000062, 1.0000000000000067, 1.0000000000000062, 1.0000000000000075, 1.000000000000007, 1.0000000000000058, 1.0000000000000062, 1.0000000000000075, 1.0000000000000115, 1.0000000000000075, 1.000000000000011, 1.000000000000011, 1.000000000000011, 1.000000000000011, 1.000000000000011, 1.000000000000011]
[-2.7399420000000005, -2.7399420000000014, -2.739942000000002, -2.739942000000001, -2.739942000000002, -2.739942000000001, -2.7399420000000014, -2.7399420000000014, -2.739942000000002, -2.739942000000002, -2.7399420000000014, -2.7399420000000014, -2.7399420000000005, -2.7399420000000014, -2.739942000000002, -2.7399420000000023, -2.7399420000000014, -2.7399420000000023, -2.7399420000000014, -2.7399420000000023, -2.7399420000000014, -2.7399420000000023, -2.739942000000002, -2.739942000000001, -2.7399420000000023, -2.7399420000000014, -2.7399420000000014, -2.739942000000002, -2.7399420000000023, -2.7399420000000014, -2.739942000000002, -2.7399420000000014, -2.7399420000000014, -2.7399420000000028, -2.7399420000000014, -2.7399420000000023, -2.739942000000001, -2.7399420000000005, -2.7399419999999988, -2.7399420000000028, -2.739941999999996, -2.7399420000000014, -2.7399420000000037, -2.7399420000000023, -2.739942, -2.7399419999999965, -2.7399420000000005, -2.7399420000000014, -2.7399419999999926, -2.7399419999999823, -2.739941999999985, -2.739941999999988, -2.739941999999973, -2.739942000000009, -2.739941999999986, -2.739941999999978, -2.7399419999999783, -2.739941999999979, -2.739941999999979, -2.739941999999979, -2.739941999999978, -2.739941999999979, -2.7399419999999792, -2.7399419999999792, -2.739941999999979, -2.7399419999999783, -2.739941999999979, -2.7399419999999797, -2.7399419999999792, -2.739941999999979, -2.7399419999999797, -2.73994199999998, -2.739941999999979, -2.73994199999998, -2.7399419999999792, -2.73994199999998, -2.7399419999999797, -2.7399419999999797, -2.7399419999999797, -2.739941999999978, -2.7399419999999792, -2.7399419999999792, -2.739941999999979, -2.73994199999998, -2.7399419999999792, -2.739941999999979, -2.7399419999999783, -2.7399419999999792, -2.739941999999979, -2.7399419999999792, -2.739941999999978, -2.7399419999999775, -2.739941999999978, -2.739941999999981, -2.7399419999999783, -2.739941999999978, -2.739941999999979, -2.739941999999976, -2.739941999999986, -2.739941999999974, -2.7399419999999792, -2.739941999999983, -2.7399419999999766, -2.7399419999999908, -2.7399419999999877, -2.739941999999997, -2.7399419999999934, -2.7399419999999934, -2.739942000000009, -2.739941999999991, -2.739942000000047, -2.7399420000000454, -2.7399420000000467, -2.739942000000047, -2.739942000000047, -2.739942000000046, -2.739942000000047, -2.739942000000046, -2.739942000000047, -2.7399420000000467, -2.7399420000000467, -2.7399420000000476, -2.7399420000000467, -2.7399420000000463, -2.7399420000000454, -2.7399420000000463, -2.739942000000047, -2.739942000000047, -2.739942000000047, -2.7399420000000467, -2.739942000000047, -2.7399420000000463, -2.7399420000000467, -2.7399420000000454, -2.739942000000048, -2.739942000000047, -2.739942000000048, -2.739942000000047, -2.739942000000047, -2.739942000000047, -2.739942000000047, -2.7399420000000467, -2.7399420000000467, -2.7399420000000467, -2.739942000000048, -2.7399420000000436, -2.73994200000005, -2.7399420000000454, -2.7399420000000463, -2.7399420000000427, -2.7399420000000427, -2.739942000000045, -2.7399420000000383, -2.7399420000000445, -2.739942000000039, -2.7399420000000365, -2.7399420000000423, -2.7399420000000347, -2.7399420000000374, -2.7399420000000356, -2.7399420000000436, -2.7399420000000334, -2.7399420000000334, -2.739942000000069, -2.739942000000068, -2.739942000000071, -2.739942000000071, -2.7399420000000716, -2.739942000000071, -2.7399420000000716, -2.7399420000000716, -2.739942000000072, -2.739942000000072, -2.739942000000071, -2.7399420000000716, -2.739942000000071, -2.739942000000072, -2.7399420000000716, -2.739942000000071, -2.739942000000072, -2.739942000000071, -2.7399420000000716, -2.739942000000072, -2.739942000000072, -2.7399420000000716, -2.739942000000073, -2.739942000000071, -2.7399420000000716, -2.739942000000071, -2.7399420000000716, -2.739942000000071, -2.7399420000000707, -2.739942000000072, -2.739942000000071, -2.7399420000000725, -2.739942000000073, -2.739942000000074, -2.739942000000072, -2.7399420000000716, -2.7399420000000734, -2.739942000000072, -2.7399420000000734, -2.7399420000000707, -2.7399420000000743, -2.739942000000072, -2.739942000000072, -2.739942000000081, -2.7399420000000863, -2.739942000000081, -2.7399420000000827, -2.739942000000092, -2.7399420000000907, -2.739942000000088, -2.739942000000096, -2.739942000000097, -2.7399420000001027, -2.73994200000012, -2.739942000000103, -2.7399420000001062, -2.7399420000001222, -2.73994200000014, -2.7399420000001395, -2.73994200000014, -2.7399420000001395, -2.7399420000001404, -2.739942000000139, -2.7399420000001404, -2.7399420000001404, -2.7399420000001404, -2.73994200000014, -2.7399420000001404, -2.7399420000001404, -2.7399420000001395, -2.7399420000001413, -2.739942000000139, -2.739942000000139, -2.7399420000001387, -2.7399420000001404, -2.7399420000001404, -2.7399420000001395, -2.739942000000141, -2.739942000000141, -2.73994200000014, -2.7399420000001395, -2.739942000000141, -2.73994200000014, -2.7399420000001395, -2.73994200000014, -2.739942000000141, -2.739942000000139, -2.7399420000001395, -2.7399420000001404, -2.739942000000138, -2.7399420000001373, -2.739942000000139, -2.7399420000001364, -2.7399420000001387, -2.7399420000001387, -2.7399420000001364, -2.7399420000001364, -2.7399420000001373, -2.7399420000001364, -2.739942000000139, -2.7399420000001378, -2.739942000000136, -2.7399420000001413, -2.739942000000145, -2.739942000000131, -2.739942000000134, -2.739942000000145, -2.7399420000001506, -2.739942000000165, -2.7399420000001444, -2.739942000000157, -2.739942000000155, -2.73994200000017, -2.7399420000001693, -2.739942000000169, -2.739942000000169, -2.739942000000169, -2.7399420000001693, -2.739942000000169, -2.7399420000001693, -2.739942000000169, -2.73994200000017, -2.73994200000017, -2.7399420000001697, -2.7399420000001693, -2.7399420000001684, -2.7399420000001693, -2.7399420000001684, -2.7399420000001706, -2.7399420000001697, -2.7399420000001706, -2.7399420000001675, -2.73994200000017, -2.7399420000001693, -2.7399420000001684, -2.7399420000001684, -2.73994200000017, -2.739942000000168, -2.7399420000001684, -2.7399420000001684, -2.7399420000001693, -2.73994200000017, -2.7399420000001675, -2.7399420000001693, -2.739942000000168, -2.739942000000168, -2.7399420000001666, -2.7399420000001657, -2.7399420000001684, -2.739942000000167, -2.7399420000001657, -2.7399420000001626, -2.7399420000001657, -2.7399420000001684, -2.739942000000168, -2.7399420000001653, -2.7399420000001644, -2.739942000000177, -2.7399420000001697, -2.7399420000001635, -2.7399420000001813, -2.739942000000165, -2.7399420000001826, -2.7399420000001857, -2.739942000000171, -2.739942000000198, -2.739942000000175, -2.739942000000212, -2.739942000000211, -2.73994200000021, -2.7399420000002115, -2.7399420000002115, -2.7399420000002124, -2.7399420000002106, -2.7399420000002115, -2.739942000000212, -2.739942000000212, -2.7399420000002115, -2.739942000000211, -2.73994200000021, -2.739942000000211, -2.7399420000002106, -2.739942000000212, -2.7399420000002106, -2.7399420000002106, -2.739942000000211, -2.7399420000002106, -2.7399420000002115, -2.7399420000002124, -2.739942000000211, -2.7399420000002115, -2.7399420000002115, -2.739942000000211, -2.7399420000002115, -2.739942000000212, -2.7399420000002124, -2.7399420000002115, -2.73994200000021, -2.7399420000002093, -2.7399420000002106, -2.739942000000213, -2.7399420000002106, -2.7399420000002115, -2.7399420000002133, -2.739942000000214, -2.739942000000211, -2.73994200000021, -2.739942000000208, -2.739942000000213, -2.739942000000209, -2.7399420000002084, -2.739942000000214, -2.7399420000002026, -2.739942000000204, -2.739942000000198, -2.7399420000001835, -2.739942000000187, -2.739942000000184, -2.7399420000001777, -2.73994200000018, -2.7399420000001475, -2.739942000000138, -2.739942000000166, -2.7399420000001653, -2.7399420000001657, -2.7399420000001657, -2.7399420000001653, -2.739942000000166, -2.7399420000001657, -2.7399420000001666, -2.7399420000001653, -2.739942000000166, -2.739942000000165, -2.7399420000001657, -2.7399420000001666, -2.739942000000166, -2.7399420000001657, -2.7399420000001657, -2.7399420000001666, -2.739942000000167, -2.7399420000001657, -2.7399420000001653, -2.7399420000001657, -2.7399420000001666, -2.7399420000001657, -2.739942000000165, -2.739942000000166, -2.7399420000001666, -2.7399420000001657, -2.7399420000001666, -2.7399420000001666, -2.7399420000001684, -2.739942000000167, -2.7399420000001666, -2.7399420000001675, -2.7399420000001693, -2.7399420000001684, -2.7399420000001693, -2.7399420000001675, -2.739942000000163, -2.739942000000168, -2.739942000000166, -2.739942000000165, -2.73994200000017, -2.7399420000001675, -2.739942000000167, -2.739942000000164, -2.7399420000001644, -2.739942000000155, -2.7399420000001555, -2.7399420000001458, -2.739942000000142, -2.7399420000001267, -2.7399420000001595, -2.7399420000001338, -2.739942000000179, -2.7399420000001173, -2.739942000000101, -2.739942000000101, -2.739942000000101, -2.7399420000001005, -2.7399420000001005, -2.7399420000001014, -2.739942000000101, -2.7399420000001014, -2.7399420000001, -2.7399420000001005, -2.7399420000001, -2.7399420000001014, -2.7399420000001, -2.7399420000001, -2.739942000000101, -2.7399420000001014, -2.739942000000101, -2.7399420000000996, -2.7399420000001005, -2.7399420000000996, -2.7399420000001005, -2.739942000000101, -2.7399420000001, -2.7399420000000996, -2.7399420000001, -2.7399420000001005, -2.739942000000099, -2.7399420000001005, -2.7399420000001, -2.7399420000001, -2.7399420000000996, -2.7399420000000987, -2.7399420000001005, -2.739942000000101, -2.7399420000000982, -2.7399420000000974, -2.7399420000001, -2.739942000000099, -2.739942000000099, -2.7399420000000987, -2.739942000000098, -2.7399420000000996, -2.739942000000097, -2.739942000000097, -2.739942000000094, -2.7399420000000925, -2.739942000000102, -2.739942000000094, -2.7399420000001107, -2.7399420000001085, -2.7399420000000934, -2.739942000000104, -2.739942000000113, -2.739942000000162, -2.73994200000011, -2.7399420000001578, -2.7399420000001573, -2.739942000000158, -2.739942000000158, -2.739942000000159, -2.7399420000001573]
[1.0, 0.9992002440464086, 0.9968039031586117, 0.9928197463810547, 0.9872623492368968, 0.9801520345092762, 0.9715147895508327, 0.961382160338352, 0.9497911225529426, 0.9367839300308779, 0.9224079409963745, 0.9067154225553781, 0.8897633339991111, 0.8716130895378649, 0.8523303011595298, 0.8319845023837056, 0.8106488537610889, 0.7883998310491745, 0.7653168970791692, 0.7414821584152642, 0.716980007995923, 0.6918967550373246, 0.6663202435712168, 0.640339461082744, 0.6140441388076979, 0.5875243453424526, 0.5608700753127674, 0.5341708349387059, 0.5075152264211281, 0.48099053315933826, 0.45468230788826425, 0.4286739658956224, 0.40304638554339856, 0.37787751837211714, 0.3532420111092282, 0.3292108419328279, 0.3058509733573086, 0.2832250241067627, 0.2613909623235624, 0.24040182242201366, 0.22030544783910125, 0.20114426185485795, 0.18295506855295424, 0.16576888586684768, 0.1496108125079391, 0.1344999303992889, 0.12044924404183217, 0.10746565802004278, 0.09554999361149195, 0.08469704520091162, 0.07489567691573314, 0.06612895959855213, 0.05837434791490189, 0.05160389706470408, 0.04578451822587988, 0.04087827151195888, 0.0368426948760829, 0.033631167044905964, 0.031193302221920054, 0.029475373964804336, 0.028420765319580252, 0.027970441990136485, 0.02806344503921324, 0.028637399360378537, 0.029629033933866147, 0.030974709686121524, 0.03261095061696199, 0.034474973742477974, 0.036505213328849956, 0.03864183486429672, 0.04082723423507226, 0.04300651763786592, 0.04512795787561743, 0.047143422846497016, 0.04900877224582409, 0.05068421875657874, 0.05213465030381592, 0.05332991028901734, 0.054245033098903155, 0.05486043259559765, 0.05516204173691032, 0.05514140194199283, 0.05479570130350482, 0.0541277612470785, 0.05314597174646782, 0.05186417571229225, 0.05030150367763882, 0.048482160398876, 0.04643516546886377, 0.044194050496493775, 0.04179651583561571, 0.0392840502427092, 0.03670151720134904, 0.034096711968364175, 0.03151989366782248, 0.029023296981565947, 0.0266606281564699, 0.02448655016719193, 0.022556161937888286, 0.02092447653684483, 0.019645903214681786, 0.018773738060824455, 0.018359667906106325, 0.0184532919041426, 0.01910166498366963, 0.020348867081743174, 0.022235601748069645, 0.024798827357875357, 0.028071423790041166, 0.03208189702334748, 0.036854123682478514, 0.04240713713213703, 0.04875495627759372, 0.05590645778924656, 0.06386529203186418, 0.07262984255192789, 0.08219322856329775, 0.09254334947699933, 0.1036629701493095, 0.11552984517721303, 0.12811688025487525, 0.14139232832172677, 0.15532001798421918, 0.16985961148088913, 0.1849668892851203, 0.20059405830241214, 0.21669008051904143, 0.2332010188962134, 0.250070397277107, 0.2672395710822129, 0.28464810560915393, 0.302234158824576, 0.3199348656351747, 0.33768672074971096, 0.3554259573909978, 0.37308891928317445, 0.39061242352194037, 0.40793411213052033, 0.42499279030876935, 0.44172874959381186, 0.45808407436490156, 0.4740029303398586, 0.4894318339228055, 0.5043199014704491, 0.5186190777446283, 0.5322843430102807, 0.5452738984186898, 0.5575493294844744, 0.5690757476201905, 0.5798219098338561, 0.589760316821689, 0.5988672898006842, 0.6071230265234242, 0.6145116370010338, 0.6210211595300249, 0.6266435576757127, 0.6313746989097911, 0.6352143156337293, 0.6381659493439523, 0.6402368787107099, 0.6414380323513226, 0.6417838870815726, 0.6412923524276304, 0.6399846421763722, 0.6378851337355605, 0.6350212160680808, 0.6314231269573949, 0.6271237803555042, 0.6221585845604978, 0.6165652519691152, 0.610383601150803, 0.6036553519939076, 0.5964239146819375, 0.5887341732682301, 0.5806322646306055, 0.5721653536033835, 0.5633814051019813, 0.5543289540746358, 0.5450568741359725, 0.5356141457574274, 0.5260496249091863, 0.5164118130665726, 0.5067486295098891, 0.4971071868598887, 0.48753357080060084, 0.47807262494651326, 0.46876774181157377, 0.4596606608326225, 0.4507912743893266, 0.4421974427461975, 0.43391481881964006, 0.42597668364417657, 0.41841379337703616, 0.41125423863935934, 0.40452331694557786, 0.39824341892039944, 0.39243392894566953, 0.3871111408176096, 0.3822881889290594, 0.37797499542186186, 0.3741782336819609, 0.3709013084746304, 0.368144352940027, 0.36590424259040344, 0.36417462637028875, 0.3629459747600577, 0.36220564482196743, 0.3619379620061413, 0.36212431845235477, 0.3627432874420436, 0.36377075357374156, 0.36518005815430804, 0.36694215921788015, 0.36902580550450154, 0.3713977236509378, 0.3740228177672617, 0.3768643804946569, 0.3798843145624763, 0.3830433637863083, 0.3863013523738442, 0.3896174313320544, 0.3929503306981588, 0.396258616248522, 0.3995009492747694, 0.40263634795568326, 0.4056244487978343, 0.408425766568291, 0.41100195110014537, 0.4133160393171407, 0.41533270079841644, 0.4170184751895054, 0.4183419997622786, 0.41927422543564896, 0.41978861959152153, 0.4198613540576022, 0.41947147668109036, 0.41860106498554717, 0.4172353604878935, 0.41536288235371444, 0.4129755191869478, 0.4100685978843247, 0.40664092863520224, 0.4026948253129245, 0.3982361006835706, 0.3932740360506511, 0.3878213251584603, 0.3818939923906161, 0.3755112855218196, 0.3686955435078432, 0.3614720400288004, 0.3538688037313374, 0.3459164163438518, 0.33764779006244067, 0.32909792582125497, 0.32030365426649166, 0.3113033614456693, 0.302136701400485, 0.2928442980098884, 0.28346743856774465, 0.2740477616944094, 0.264626942271861, 0.25524637615610213, 0.24594686745703964, 0.23676832118404517, 0.2277494440342072, 0.2189274560497144, 0.21033781579091107, 0.20201396156285653, 0.19398707109655808, 0.18628584192262898, 0.17893629448656231, 0.1719615998429361, 0.16538193353301583, 0.15921435699870498, 0.15347272761860908, 0.14816763817173823, 0.14330638624462244, 0.13889297380120313, 0.13492813683551744, 0.1314094047280155, 0.1283311886309808, 0.12568489792019216, 0.12345908347201376, 0.1216396062606675, 0.12020982952252296, 0.11915083250560388, 0.1184416436156977, 0.11805949058773936, 0.11798006515444633, 0.1181777995551812, 0.11862615212795505, 0.11929789915730485, 0.12016543011101577, 0.12120104338949539, 0.12237723973283288, 0.12366701048162548, 0.12504411796759543, 0.12648336541758104, 0.12796085388807688, 0.12945422390522857, 0.13094287966490875, 0.13240819384681543, 0.13383369131286976, 0.1352052101907856, 0.13651103908568268, 0.1377420294130731, 0.1388916821024732, 0.13995620817931037, 0.14093456299077156, 0.1418284540959114, 0.14264232308897998, 0.14338330186496512, 0.14406114406535642, 0.1446881326579692, 0.14527896480533986, 0.14585061536003524, 0.14642218049077257, 0.1470147030893666, 0.1476509817343223, 0.148355365091798, 0.14915353371833948, 0.15007227129217296, 0.15113922734120827, 0.1523826735565258, 0.15383125578092055, 0.15551374374362947, 0.15745878057592078, 0.15969463408886972, 0.16224895172570075, 0.16514852101792024, 0.1684190372787445, 0.17208488016025067, 0.17616890058414894, 0.18069221943145572, 0.18567403924516393, 0.1911314700638971, 0.19707937036483605, 0.2035302039523818, 0.21049391348636348, 0.21797781120137164, 0.22598648722814074, 0.23452173578990923, 0.2435824994123036, 0.25316483115544597, 0.2632618747524422, 0.27386386241990823, 0.2849581299943639, 0.2965291489437134, 0.30855857470613024, 0.32102531071987234, 0.3339055874272232, 0.3471730554641478, 0.360798892184585, 0.3747519206147324, 0.3889987398882728, 0.40350386617829936, 0.4182298831156428, 0.43313760066631496, 0.448186221432639, 0.46333351334312933, 0.47853598770495925, 0.49374908160952863, 0.5089273437057322, 0.5240246223864953, 0.5389942554713336, 0.5537892605104466, 0.5683625248833488, 0.5826669949165078, 0.5966558632989457, 0.6102827541313981, 0.623501905002399, 0.6362683455425975, 0.6485380719657691, 0.6602682171602681, 0.6714172159472784, 0.6819449651710916, 0.6918129783310396, 0.700984534503834, 0.709424821338239, 0.7171010719306703, 0.7239826954101143, 0.7300414010733234, 0.7352513159165146, 0.7395890954078284, 0.7430340273356647, 0.7455681285523448, 0.7471762344105596, 0.7478460806627791, 0.74756837756186, 0.7463368758656471, 0.7441484244104651, 0.741003018879373, 0.7369038413521902, 0.7318572901870577, 0.7258729997491067, 0.7189638494721295, 0.7111459617155076, 0.7024386878623692, 0.6928645820974881, 0.6824493623059521, 0.6712218575473001, 0.6592139415856136, 0.6464604519947363, 0.6329990944099729, 0.6188703315636865, 0.6041172568222684, 0.5887854520359433, 0.5729228296203694, 0.5565794589094333, 0.5398073769510989, 0.5226603840615272, 0.5051938246055623, 0.48746435363242263, 0.46952969016227375, 0.45144835809016876, 0.43327941584651913, 0.4150821761253639, 0.3969159171608621, 0.37883958719602573, 0.3609115039432365, 0.34318905098090235, 0.3257283731622062, 0.30858407322776743, 0.2918089119118461, 0.27545351390925005, 0.25956608212530463, 0.2441921226623929, 0.22937418300204973, 0.21515160582022638, 0.20156030082415602, 0.1886325369216993, 0.1763967569278933, 0.16487741687881952, 0.15409485186042046, 0.14406517007041963, 0.13480017661641083, 0.12630732831414407, 0.11858972048920975, 0.1116461065049395, 0.10547095044263892, 0.10005451304948725, 0.09538297074909893, 0.09143856718204112, 0.08819979641356186, 0.08564161661642289, 0.08373569271245627, 0.08245066614117214, 0.08175244962146655, 0.08160454448713647, 0.0819683779123203, 0.08280365710275948, 0.08406873731631531, 0.08572100039456407, 0.08771724033929736, 0.09001405235575693, 0.09256822171037436, 0.09533710871618921, 0.09827902616498194, 0.1013536055719997, 0.10452214868694905, 0.10774796085315458, 0.11099666296433058, 0.11423647897372158, 0.11743849615129988, 0.12057689555868938, 0.12362915051546262, 0.12657619116096985, 0.12940253356905573, 0.13209637224475862, 0.13464963521791234, 0.1370580013438563, 0.1393208798214123, 0.1414413523380333, 0.14342607864669157, 0.1452851667638246, 0.1470320093477864, 0.14868308816824452, 0.15025774890456198, 0.1517779488114449, 0.153267980059442, 0.15475417179309126, 0.1562645741479081, 0.1578286276268017, 0.15947682135520916, 0.16124034381113025, 0.16315072966077543, 0.1652395063226755, 0.16753784383348547, 0.1700762114983828, 0.17288404467964288, 0.1759894249107885, 0.17941877632330594, 0.18319658114132245, 0.18734511674031154, 0.19188421648259582, 0.19683105623905084, 0.20219996818748182, 0.2080022831476334, 0.21424620237542888, 0.22093669939922622, 0.22807545214287778]
[0.0, 0.01, 0.02, 0.03, 0.04, 0.05, 0.06, 0.07, 0.08, 0.09, 0.1, 0.11, 0.12, 0.13, 0.14, 0.15, 0.16, 0.17, 0.18, 0.19, 0.2, 0.21, 0.22, 0.23, 0.24, 0.25, 0.26, 0.27, 0.28, 0.29, 0.3, 0.31, 0.32, 0.33, 0.34, 0.35, 0.36, 0.37, 0.38, 0.39, 0.4, 0.41, 0.42, 0.43, 0.44, 0.45, 0.46, 0.47, 0.48, 0.49, 0.5, 0.51, 0.52, 0.53, 0.54, 0.55, 0.56, 0.57, 0.58, 0.59, 0.6, 0.61, 0.62, 0.63, 0.64, 0.65, 0.66, 0.67, 0.68, 0.69, 0.7, 0.71, 0.72, 0.73, 0.74, 0.75, 0.76, 0.77, 0.78, 0.79, 0.8, 0.81, 0.82, 0.83, 0.84, 0.85, 0.86, 0.87, 0.88, 0.89, 0.9, 0.91, 0.92, 0.93, 0.94, 0.95, 0.96, 0.97, 0.98, 0.99, 1.0, 1.01, 1.02, 1.03, 1.04, 1.05, 1.06, 1.07, 1.08, 1.09, 1.1, 1.11, 1.12, 1.13, 1.14, 1.15, 1.16, 1.17, 1.18, 1.19, 1.2, 1.21, 1.22, 1.23, 1.24, 1.25, 1.26, 1.27, 1.28, 1.29, 1.3, 1.31, 1.32, 1.33, 1.34, 1.35, 1.36, 1.37, 1.38, 1.39, 1.4, 1.41, 1.42, 1.43, 1.44, 1.45, 1.46, 1.47, 1.48, 1.49, 1.5, 1.51, 1.52, 1.53, 1.54, 1.55, 1.56, 1.57, 1.58, 1.59, 1.6, 1.61, 1.62, 1.63, 1.64, 1.65, 1.66, 1.67, 1.68, 1.69, 1.7, 1.71, 1.72, 1.73, 1.74, 1.75, 1.76, 1.77, 1.78, 1.79, 1.8, 1.81, 1.82, 1.83, 1.84, 1.85, 1.86, 1.87, 1.88, 1.89, 1.9, 1.91, 1.92, 1.93, 1.94, 1.95, 1.96, 1.97, 1.98, 1.99, 2.0, 2.01, 2.02, 2.03, 2.04, 2.05, 2.06, 2.07, 2.08, 2.09, 2.1, 2.11, 2.12, 2.13, 2.14, 2.15, 2.16, 2.17, 2.18, 2.19, 2.2, 2.21, 2.22, 2.23, 2.24, 2.25, 2.26, 2.27, 2.28, 2.29, 2.3, 2.31, 2.32, 2.33, 2.34, 2.35, 2.36, 2.37, 2.38, 2.39, 2.4, 2.41, 2.42, 2.43, 2.44, 2.45, 2.46, 2.47, 2.48, 2.49, 2.5, 2.51, 2.52, 2.53, 2.54, 2.55, 2.56, 2.57, 2.58, 2.59, 2.6, 2.61, 2.62, 2.63, 2.64, 2.65, 2.66, 2.67, 2.68, 2.69, 2.7, 2.71, 2.72, 2.73, 2.74, 2.75, 2.76, 2.77, 2.78, 2.79, 2.8, 2.81, 2.82, 2.83, 2.84, 2.85, 2.86, 2.87, 2.88, 2.89, 2.9, 2.91, 2.92, 2.93, 2.94, 2.95, 2.96, 2.97, 2.98, 2.99, 3.0, 3.01, 3.02, 3.03, 3.04, 3.05, 3.06, 3.07, 3.08, 3.09, 3.1, 3.11, 3.12, 3.13, 3.14, 3.15, 3.16, 3.17, 3.18, 3.19, 3.2, 3.21, 3.22, 3.23, 3.24, 3.25, 3.26, 3.27, 3.28, 3.29, 3.3, 3.31, 3.32, 3.33, 3.34, 3.35, 3.36, 3.37, 3.38, 3.39, 3.4, 3.41, 3.42, 3.43, 3.44, 3.45, 3.46, 3.47, 3.48, 3.49, 3.5, 3.51, 3.52, 3.53, 3.54, 3.55, 3.56, 3.57, 3.58, 3.59, 3.6, 3.61, 3.62, 3.63, 3.64, 3.65, 3.66, 3.67, 3.68, 3.69, 3.7, 3.71, 3.72, 3.73, 3.74, 3.75, 3.76, 3.77, 3.78, 3.79, 3.8, 3.81, 3.82, 3.83, 3.84, 3.85, 3.86, 3.87, 3.88, 3.89, 3.9, 3.91, 3.92, 3.93, 3.94, 3.95, 3.96, 3.97, 3.98, 3.99, 4.0, 4.01, 4.02, 4.03, 4.04, 4.05, 4.06, 4.07, 4.08, 4.09, 4.1, 4.11, 4.12, 4.13, 4.14, 4.15, 4.16, 4.17, 4.18, 4.19, 4.2, 4.21, 4.22, 4.23, 4.24, 4.25, 4.26, 4.27, 4.28, 4.29, 4.3, 4.31, 4.32, 4.33, 4.34, 4.35, 4.36, 4.37, 4.38, 4.39, 4.4, 4.41, 4.42, 4.43, 4.44, 4.45, 4.46, 4.47, 4.48, 4.49, 4.5, 4.51, 4.52, 4.53, 4.54, 4.55, 4.56, 4.57, 4.58, 4.59, 4.6, 4.61, 4.62, 4.63, 4.64, 4.65, 4.66, 4.67, 4.68, 4.69, 4.7, 4.71, 4.72, 4.73, 4.74, 4.75, 4.76, 4.77, 4.78, 4.79, 4.8, 4.81, 4.82, 4.83, 4.84, 4.85, 4.86, 4.87, 4.88, 4.89, 4.9, 4.91, 4.92, 4.93, 4.94, 4.95, 4.96, 4.97, 4.98, 4.99, 5.0]
