0.000000000000000000e+00
4.000000000000001818e-03
8.000000000000003636e-03
1.200000000000000545e-02
1.600000000000000727e-02
2.000000000000001082e-02
2.400000000000001091e-02
2.800000000000001099e-02
3.200000000000001454e-02
3.600000000000001810e-02
4.000000000000002165e-02
4.400000000000001826e-02
4.800000000000002182e-02
5.200000000000002537e-02
5.600000000000002198e-02
6.000000000000002554e-02
6.400000000000002909e-02
6.800000000000003264e-02
7.200000000000003619e-02
7.600000000000003975e-02
8.000000000000004330e-02
8.400000000000003297e-02
8.800000000000003653e-02
9.200000000000004008e-02
9.600000000000004363e-02
1.000000000000000472e-01
1.040000000000000507e-01
1.080000000000000543e-01
1.120000000000000440e-01
1.160000000000000475e-01
1.200000000000000511e-01
1.240000000000000546e-01
1.280000000000000582e-01
1.320000000000000617e-01
1.360000000000000653e-01
1.400000000000000688e-01
1.440000000000000724e-01
1.480000000000000759e-01
1.520000000000000795e-01
1.560000000000000830e-01
1.600000000000000866e-01
1.640000000000000624e-01
1.680000000000000659e-01
1.720000000000000695e-01
1.760000000000000731e-01
1.800000000000000766e-01
1.840000000000000802e-01
1.880000000000000837e-01
1.920000000000000873e-01
1.960000000000000908e-01
2.000000000000000944e-01
2.040000000000000979e-01
2.080000000000001015e-01
2.120000000000001050e-01
2.160000000000001086e-01
2.200000000000001121e-01
2.240000000000000879e-01
2.280000000000000915e-01
2.320000000000000950e-01
2.360000000000000986e-01
2.400000000000001021e-01
2.440000000000001057e-01
2.480000000000001092e-01
2.520000000000001128e-01
2.560000000000001164e-01
2.600000000000001199e-01
2.640000000000001235e-01
2.680000000000001270e-01
2.720000000000001306e-01
2.760000000000001341e-01
2.800000000000001377e-01
2.840000000000001412e-01
2.880000000000001448e-01
2.920000000000001483e-01
2.960000000000001519e-01
3.000000000000001554e-01
3.040000000000001590e-01
3.080000000000001625e-01
3.120000000000001661e-01
3.160000000000001696e-01
3.200000000000001732e-01
3.240000000000001212e-01
3.280000000000001248e-01
3.320000000000001283e-01
3.360000000000001319e-01
3.400000000000001354e-01
3.440000000000001390e-01
3.480000000000001426e-01
3.520000000000001461e-01
3.560000000000001497e-01
3.600000000000001532e-01
3.640000000000001568e-01
3.680000000000001603e-01
3.720000000000001639e-01
3.760000000000001674e-01
3.800000000000001710e-01
3.840000000000001745e-01
3.880000000000001781e-01
3.920000000000001816e-01
3.960000000000001852e-01
4.000000000000001887e-01
4.040000000000001923e-01
4.080000000000001958e-01
4.120000000000001994e-01
4.160000000000002029e-01
4.200000000000002065e-01
4.240000000000002101e-01
4.280000000000002136e-01
4.320000000000002172e-01
4.360000000000002207e-01
4.400000000000002243e-01
4.440000000000002278e-01
4.480000000000001759e-01
4.520000000000001794e-01
4.560000000000001830e-01
4.600000000000001865e-01
4.640000000000001901e-01
4.680000000000001936e-01
4.720000000000001972e-01
4.760000000000002007e-01
4.800000000000002043e-01
4.840000000000002078e-01
4.880000000000002114e-01
4.920000000000002149e-01
4.960000000000002185e-01
5.000000000000002220e-01
5.040000000000002256e-01
5.080000000000002292e-01
5.120000000000002327e-01
5.160000000000002363e-01
5.200000000000002398e-01
5.240000000000002434e-01
5.280000000000002469e-01
5.320000000000002505e-01
5.360000000000002540e-01
5.400000000000002576e-01
5.440000000000002611e-01
5.480000000000002647e-01
5.520000000000002682e-01
5.560000000000002718e-01
5.600000000000002753e-01
5.640000000000002789e-01
5.680000000000002824e-01
5.720000000000002860e-01
5.760000000000002895e-01
5.800000000000002931e-01
5.840000000000002967e-01
5.880000000000003002e-01
5.920000000000003038e-01
5.960000000000003073e-01
6.000000000000003109e-01
6.040000000000003144e-01
6.080000000000003180e-01
6.120000000000003215e-01
6.160000000000003251e-01
6.200000000000003286e-01
6.240000000000003322e-01
6.280000000000003357e-01
6.320000000000003393e-01
6.360000000000003428e-01
6.400000000000003464e-01
6.440000000000002389e-01
6.480000000000002425e-01
6.520000000000002460e-01
6.560000000000002496e-01
6.600000000000002531e-01
6.640000000000002567e-01
6.680000000000002602e-01
6.720000000000002638e-01
6.760000000000002673e-01
6.800000000000002709e-01
6.840000000000002744e-01
6.880000000000002780e-01
6.920000000000002816e-01
6.960000000000002851e-01
7.000000000000002887e-01
7.040000000000002922e-01
7.080000000000002958e-01
7.120000000000002993e-01
7.160000000000003029e-01
7.200000000000003064e-01
7.240000000000003100e-01
7.280000000000003135e-01
7.320000000000003171e-01
7.360000000000003206e-01
7.400000000000003242e-01
7.440000000000003277e-01
7.480000000000003313e-01
7.520000000000003348e-01
7.560000000000003384e-01
7.600000000000003419e-01
7.640000000000003455e-01
7.680000000000003491e-01
7.720000000000003526e-01
7.760000000000003562e-01
7.800000000000003597e-01
7.840000000000003633e-01
7.880000000000003668e-01
7.920000000000003704e-01
7.960000000000003739e-01
8.000000000000003775e-01
8.040000000000003810e-01
8.080000000000003846e-01
8.120000000000003881e-01
8.160000000000003917e-01
8.200000000000003952e-01
8.240000000000003988e-01
8.280000000000004023e-01
8.320000000000004059e-01
8.360000000000004095e-01
8.400000000000004130e-01
8.440000000000004166e-01
8.480000000000004201e-01
8.520000000000004237e-01
8.560000000000004272e-01
8.600000000000004308e-01
8.640000000000004343e-01
8.680000000000004379e-01
8.720000000000004414e-01
8.760000000000004450e-01
8.800000000000004485e-01
8.840000000000004521e-01
8.880000000000004556e-01
8.920000000000004592e-01
8.960000000000003517e-01
9.000000000000003553e-01
9.040000000000003588e-01
9.080000000000003624e-01
9.120000000000003659e-01
9.160000000000003695e-01
9.200000000000003730e-01
9.240000000000003766e-01
9.280000000000003801e-01
9.320000000000003837e-01
9.360000000000003872e-01
9.400000000000003908e-01
9.440000000000003944e-01
9.480000000000003979e-01
9.520000000000004015e-01
9.560000000000004050e-01
9.600000000000004086e-01
9.640000000000004121e-01
9.680000000000004157e-01
9.720000000000004192e-01
9.760000000000004228e-01
9.800000000000004263e-01
9.840000000000004299e-01
9.880000000000004334e-01
9.920000000000004370e-01
9.960000000000004405e-01
1.000000000000000444e+00
1.004000000000000448e+00
1.008000000000000451e+00
1.012000000000000455e+00
1.016000000000000458e+00
1.020000000000000462e+00
1.024000000000000465e+00
1.028000000000000469e+00
1.032000000000000473e+00
1.036000000000000476e+00
1.040000000000000480e+00
1.044000000000000483e+00
1.048000000000000487e+00
1.052000000000000490e+00
1.056000000000000494e+00
1.060000000000000497e+00
1.064000000000000501e+00
1.068000000000000504e+00
1.072000000000000508e+00
1.076000000000000512e+00
1.080000000000000515e+00
1.084000000000000519e+00
1.088000000000000522e+00
1.092000000000000526e+00
1.096000000000000529e+00
1.100000000000000533e+00
1.104000000000000536e+00
1.108000000000000540e+00
1.112000000000000544e+00
1.116000000000000547e+00
1.120000000000000551e+00
1.124000000000000554e+00
1.128000000000000558e+00
1.132000000000000561e+00
1.136000000000000565e+00
1.140000000000000568e+00
1.144000000000000572e+00
1.148000000000000576e+00
1.152000000000000579e+00
1.156000000000000583e+00
1.160000000000000586e+00
1.164000000000000590e+00
1.168000000000000593e+00
1.172000000000000597e+00
1.176000000000000600e+00
1.180000000000000604e+00
1.184000000000000608e+00
1.188000000000000611e+00
1.192000000000000615e+00
1.196000000000000618e+00
1.200000000000000622e+00
1.204000000000000625e+00
1.208000000000000629e+00
1.212000000000000632e+00
1.216000000000000636e+00
1.220000000000000639e+00
1.224000000000000643e+00
1.228000000000000647e+00
1.232000000000000650e+00
1.236000000000000654e+00
1.240000000000000657e+00
1.244000000000000661e+00
1.248000000000000664e+00
1.252000000000000668e+00
1.256000000000000671e+00
1.260000000000000675e+00
1.264000000000000679e+00
1.268000000000000682e+00
1.272000000000000686e+00
1.276000000000000689e+00
1.280000000000000693e+00
1.284000000000000474e+00
1.288000000000000478e+00
1.292000000000000481e+00
1.296000000000000485e+00
1.300000000000000488e+00
1.304000000000000492e+00
1.308000000000000496e+00
1.312000000000000499e+00
1.316000000000000503e+00
1.320000000000000506e+00
1.324000000000000510e+00
1.328000000000000513e+00
1.332000000000000517e+00
1.336000000000000520e+00
1.340000000000000524e+00
1.344000000000000528e+00
1.348000000000000531e+00
1.352000000000000535e+00
1.356000000000000538e+00
1.360000000000000542e+00
1.364000000000000545e+00
1.368000000000000549e+00
1.372000000000000552e+00
1.376000000000000556e+00
1.380000000000000560e+00
1.384000000000000563e+00
1.388000000000000567e+00
1.392000000000000570e+00
1.396000000000000574e+00
1.400000000000000577e+00
1.404000000000000581e+00
1.408000000000000584e+00
1.412000000000000588e+00
1.416000000000000592e+00
1.420000000000000595e+00
1.424000000000000599e+00
1.428000000000000602e+00
1.432000000000000606e+00
1.436000000000000609e+00
1.440000000000000613e+00
1.444000000000000616e+00
1.448000000000000620e+00
1.452000000000000624e+00
1.456000000000000627e+00
1.460000000000000631e+00
1.464000000000000634e+00
1.468000000000000638e+00
1.472000000000000641e+00
1.476000000000000645e+00
1.480000000000000648e+00
1.484000000000000652e+00
1.488000000000000655e+00
1.492000000000000659e+00
1.496000000000000663e+00
1.500000000000000666e+00
1.504000000000000670e+00
1.508000000000000673e+00
1.512000000000000677e+00
1.516000000000000680e+00
1.520000000000000684e+00
1.524000000000000687e+00
1.528000000000000691e+00
1.532000000000000695e+00
1.536000000000000698e+00
1.540000000000000702e+00
1.544000000000000705e+00
1.548000000000000709e+00
1.552000000000000712e+00
1.556000000000000716e+00
1.560000000000000719e+00
1.564000000000000723e+00
1.568000000000000727e+00
1.572000000000000730e+00
1.576000000000000734e+00
1.580000000000000737e+00
1.584000000000000741e+00
1.588000000000000744e+00
1.592000000000000748e+00
1.596000000000000751e+00
1.600000000000000755e+00
1.604000000000000759e+00
1.608000000000000762e+00
1.612000000000000766e+00
1.616000000000000769e+00
1.620000000000000773e+00
1.624000000000000776e+00
1.628000000000000780e+00
1.632000000000000783e+00
1.636000000000000787e+00
1.640000000000000790e+00
1.644000000000000794e+00
1.648000000000000798e+00
1.652000000000000801e+00
1.656000000000000805e+00
1.660000000000000808e+00
1.664000000000000812e+00
1.668000000000000815e+00
1.672000000000000819e+00
1.676000000000000822e+00
1.680000000000000826e+00
1.684000000000000830e+00
1.688000000000000833e+00
1.692000000000000837e+00
1.696000000000000840e+00
1.700000000000000844e+00
1.704000000000000847e+00
1.708000000000000851e+00
1.712000000000000854e+00
1.716000000000000858e+00
1.720000000000000862e+00
1.724000000000000865e+00
1.728000000000000869e+00
1.732000000000000872e+00
1.736000000000000876e+00
1.740000000000000879e+00
1.744000000000000883e+00
1.748000000000000886e+00
1.752000000000000890e+00
1.756000000000000894e+00
1.760000000000000897e+00
1.764000000000000901e+00
1.768000000000000904e+00
1.772000000000000908e+00
1.776000000000000911e+00
1.780000000000000915e+00
1.784000000000000918e+00
1.788000000000000922e+00
1.792000000000000703e+00
1.796000000000000707e+00
1.800000000000000711e+00
1.804000000000000714e+00
1.808000000000000718e+00
1.812000000000000721e+00
1.816000000000000725e+00
1.820000000000000728e+00
1.824000000000000732e+00
1.828000000000000735e+00
1.832000000000000739e+00
1.836000000000000743e+00
1.840000000000000746e+00
1.844000000000000750e+00
1.848000000000000753e+00
1.852000000000000757e+00
1.856000000000000760e+00
1.860000000000000764e+00
1.864000000000000767e+00
1.868000000000000771e+00
1.872000000000000774e+00
1.876000000000000778e+00
1.880000000000000782e+00
1.884000000000000785e+00
1.888000000000000789e+00
1.892000000000000792e+00
1.896000000000000796e+00
1.900000000000000799e+00
1.904000000000000803e+00
1.908000000000000806e+00
1.912000000000000810e+00
1.916000000000000814e+00
1.920000000000000817e+00
1.924000000000000821e+00
1.928000000000000824e+00
1.932000000000000828e+00
1.936000000000000831e+00
1.940000000000000835e+00
1.944000000000000838e+00
1.948000000000000842e+00
1.952000000000000846e+00
1.956000000000000849e+00
1.960000000000000853e+00
1.964000000000000856e+00
1.968000000000000860e+00
1.972000000000000863e+00
1.976000000000000867e+00
1.980000000000000870e+00
1.984000000000000874e+00
1.988000000000000878e+00
1.992000000000000881e+00
1.996000000000000885e+00
2.000000000000000888e+00
2.004000000000000892e+00
2.008000000000000895e+00
2.012000000000000899e+00
2.016000000000000902e+00
2.020000000000000906e+00
2.024000000000000909e+00
2.028000000000000913e+00
2.032000000000000917e+00
2.036000000000000920e+00
2.040000000000000924e+00
2.044000000000000927e+00
2.048000000000000931e+00
2.052000000000000934e+00
2.056000000000000938e+00
2.060000000000000941e+00
2.064000000000000945e+00
2.068000000000000949e+00
2.072000000000000952e+00
2.076000000000000956e+00
2.080000000000000959e+00
2.084000000000000963e+00
2.088000000000000966e+00
2.092000000000000970e+00
2.096000000000000973e+00
2.100000000000000977e+00
2.104000000000000981e+00
2.108000000000000984e+00
2.112000000000000988e+00
2.116000000000000991e+00
2.120000000000000995e+00
2.124000000000000998e+00
2.128000000000001002e+00
2.132000000000001005e+00
2.136000000000001009e+00
2.140000000000001013e+00
2.144000000000001016e+00
2.148000000000001020e+00
2.152000000000001023e+00
2.156000000000001027e+00
2.160000000000001030e+00
2.164000000000001034e+00
2.168000000000001037e+00
2.172000000000001041e+00
2.176000000000001044e+00
2.180000000000001048e+00
2.184000000000001052e+00
2.188000000000001055e+00
2.192000000000001059e+00
2.196000000000001062e+00
2.200000000000001066e+00
2.204000000000001069e+00
2.208000000000001073e+00
2.212000000000001076e+00
2.216000000000001080e+00
2.220000000000001084e+00
2.224000000000001087e+00
2.228000000000001091e+00
2.232000000000001094e+00
2.236000000000001098e+00
2.240000000000001101e+00
2.244000000000001105e+00
2.248000000000001108e+00
2.252000000000001112e+00
2.256000000000001116e+00
2.260000000000001119e+00
2.264000000000001123e+00
2.268000000000001126e+00
2.272000000000001130e+00
2.276000000000001133e+00
2.280000000000001137e+00
2.284000000000001140e+00
2.288000000000001144e+00
2.292000000000001148e+00
2.296000000000001151e+00
2.300000000000001155e+00
2.304000000000001158e+00
2.308000000000001162e+00
2.312000000000001165e+00
2.316000000000001169e+00
2.320000000000001172e+00
2.324000000000001176e+00
2.328000000000001180e+00
2.332000000000001183e+00
2.336000000000001187e+00
2.340000000000001190e+00
2.344000000000001194e+00
2.348000000000001197e+00
2.352000000000001201e+00
2.356000000000001204e+00
2.360000000000001208e+00
2.364000000000001211e+00
2.368000000000001215e+00
2.372000000000001219e+00
2.376000000000001222e+00
2.380000000000001226e+00
2.384000000000001229e+00
2.388000000000001233e+00
2.392000000000001236e+00
2.396000000000001240e+00
2.400000000000001243e+00
2.404000000000001247e+00
2.408000000000001251e+00
2.412000000000001254e+00
2.416000000000001258e+00
2.420000000000001261e+00
2.424000000000001265e+00
2.428000000000001268e+00
2.432000000000001272e+00
2.436000000000001275e+00
2.440000000000001279e+00
2.444000000000001283e+00
2.448000000000001286e+00
2.452000000000001290e+00
2.456000000000001293e+00
2.460000000000001297e+00
2.464000000000001300e+00
2.468000000000001304e+00
2.472000000000001307e+00
2.476000000000001311e+00
2.480000000000001315e+00
2.484000000000001318e+00
2.488000000000001322e+00
2.492000000000001325e+00
2.496000000000001329e+00
2.500000000000001332e+00
2.504000000000001336e+00
2.508000000000001339e+00
2.512000000000001343e+00
2.516000000000001346e+00
2.520000000000001350e+00
2.524000000000001354e+00
2.528000000000001357e+00
2.532000000000001361e+00
2.536000000000001364e+00
2.540000000000001368e+00
2.544000000000001371e+00
2.548000000000001375e+00
2.552000000000001378e+00
2.556000000000001382e+00
2.560000000000001386e+00
2.564000000000000945e+00
2.568000000000000949e+00
2.572000000000000952e+00
2.576000000000000956e+00
2.580000000000000959e+00
2.584000000000000963e+00
2.588000000000000966e+00
2.592000000000000970e+00
2.596000000000000973e+00
2.600000000000000977e+00
2.604000000000000981e+00
2.608000000000000984e+00
2.612000000000000988e+00
2.616000000000000991e+00
2.620000000000000995e+00
2.624000000000000998e+00
2.628000000000001002e+00
2.632000000000001005e+00
2.636000000000001009e+00
2.640000000000001013e+00
2.644000000000001016e+00
2.648000000000001020e+00
2.652000000000001023e+00
2.656000000000001027e+00
2.660000000000001030e+00
2.664000000000001034e+00
2.668000000000001037e+00
2.672000000000001041e+00
2.676000000000001044e+00
2.680000000000001048e+00
2.684000000000001052e+00
2.688000000000001055e+00
2.692000000000001059e+00
2.696000000000001062e+00
2.700000000000001066e+00
2.704000000000001069e+00
2.708000000000001073e+00
2.712000000000001076e+00
2.716000000000001080e+00
2.720000000000001084e+00
2.724000000000001087e+00
2.728000000000001091e+00
2.732000000000001094e+00
2.736000000000001098e+00
2.740000000000001101e+00
2.744000000000001105e+00
2.748000000000001108e+00
2.752000000000001112e+00
2.756000000000001116e+00
2.760000000000001119e+00
2.764000000000001123e+00
2.768000000000001126e+00
2.772000000000001130e+00
2.776000000000001133e+00
2.780000000000001137e+00
2.784000000000001140e+00
2.788000000000001144e+00
2.792000000000001148e+00
2.796000000000001151e+00
2.800000000000001155e+00
2.804000000000001158e+00
2.808000000000001162e+00
2.812000000000001165e+00
2.816000000000001169e+00
2.820000000000001172e+00
2.824000000000001176e+00
2.828000000000001180e+00
2.832000000000001183e+00
2.836000000000001187e+00
2.840000000000001190e+00
2.844000000000001194e+00
2.848000000000001197e+00
2.852000000000001201e+00
2.856000000000001204e+00
2.860000000000001208e+00
2.864000000000001211e+00
2.868000000000001215e+00
2.872000000000001219e+00
2.876000000000001222e+00
2.880000000000001226e+00
2.884000000000001229e+00
2.888000000000001233e+00
2.892000000000001236e+00
2.896000000000001240e+00
2.900000000000001243e+00
2.904000000000001247e+00
2.908000000000001251e+00
2.912000000000001254e+00
2.916000000000001258e+00
2.920000000000001261e+00
2.924000000000001265e+00
2.928000000000001268e+00
2.932000000000001272e+00
2.936000000000001275e+00
2.940000000000001279e+00
2.944000000000001283e+00
2.948000000000001286e+00
2.952000000000001290e+00
2.956000000000001293e+00
2.960000000000001297e+00
2.964000000000001300e+00
2.968000000000001304e+00
2.972000000000001307e+00
2.976000000000001311e+00
2.980000000000001315e+00
2.984000000000001318e+00
2.988000000000001322e+00
2.992000000000001325e+00
2.996000000000001329e+00
3.000000000000001332e+00
3.004000000000001336e+00
3.008000000000001339e+00
3.012000000000001343e+00
3.016000000000001346e+00
3.020000000000001350e+00
3.024000000000001354e+00
3.028000000000001357e+00
3.032000000000001361e+00
3.036000000000001364e+00
3.040000000000001368e+00
3.044000000000001371e+00
3.048000000000001375e+00
3.052000000000001378e+00
3.056000000000001382e+00
3.060000000000001386e+00
3.064000000000001389e+00
3.068000000000001393e+00
3.072000000000001396e+00
3.076000000000001400e+00
3.080000000000001403e+00
3.084000000000001407e+00
3.088000000000001410e+00
3.092000000000001414e+00
3.096000000000001418e+00
3.100000000000001421e+00
3.104000000000001425e+00
3.108000000000001428e+00
3.112000000000001432e+00
3.116000000000001435e+00
3.120000000000001439e+00
3.124000000000001442e+00
3.128000000000001446e+00
3.132000000000001450e+00
3.136000000000001453e+00
3.140000000000001457e+00
3.144000000000001460e+00
3.148000000000001464e+00
3.152000000000001467e+00
3.156000000000001471e+00
3.160000000000001474e+00
3.164000000000001478e+00
3.168000000000001481e+00
3.172000000000001485e+00
3.176000000000001489e+00
3.180000000000001492e+00
3.184000000000001496e+00
3.188000000000001499e+00
3.192000000000001503e+00
3.196000000000001506e+00
3.200000000000001510e+00
3.204000000000001513e+00
3.208000000000001517e+00
3.212000000000001521e+00
3.216000000000001524e+00
3.220000000000001528e+00
3.224000000000001531e+00
3.228000000000001535e+00
3.232000000000001538e+00
3.236000000000001542e+00
3.240000000000001545e+00
3.244000000000001549e+00
3.248000000000001553e+00
3.252000000000001556e+00
3.256000000000001560e+00
3.260000000000001563e+00
3.264000000000001567e+00
3.268000000000001570e+00
3.272000000000001574e+00
3.276000000000001577e+00
3.280000000000001581e+00
3.284000000000001585e+00
3.288000000000001588e+00
3.292000000000001592e+00
3.296000000000001595e+00
3.300000000000001599e+00
3.304000000000001602e+00
3.308000000000001606e+00
3.312000000000001609e+00
3.316000000000001613e+00
3.320000000000001616e+00
3.324000000000001620e+00
3.328000000000001624e+00
3.332000000000001627e+00
3.336000000000001631e+00
3.340000000000001634e+00
3.344000000000001638e+00
3.348000000000001641e+00
3.352000000000001645e+00
3.356000000000001648e+00
3.360000000000001652e+00
3.364000000000001656e+00
3.368000000000001659e+00
3.372000000000001663e+00
3.376000000000001666e+00
3.380000000000001670e+00
3.384000000000001673e+00
3.388000000000001677e+00
3.392000000000001680e+00
3.396000000000001684e+00
3.400000000000001688e+00
3.404000000000001691e+00
3.408000000000001695e+00
3.412000000000001698e+00
3.416000000000001702e+00
3.420000000000001705e+00
3.424000000000001709e+00
3.428000000000001712e+00
3.432000000000001716e+00
3.436000000000001720e+00
3.440000000000001723e+00
3.444000000000001727e+00
3.448000000000001730e+00
3.452000000000001734e+00
3.456000000000001737e+00
3.460000000000001741e+00
3.464000000000001744e+00
3.468000000000001748e+00
3.472000000000001751e+00
3.476000000000001755e+00
3.480000000000001759e+00
3.484000000000001762e+00
3.488000000000001766e+00
3.492000000000001769e+00
3.496000000000001773e+00
3.500000000000001776e+00
3.504000000000001780e+00
3.508000000000001783e+00
3.512000000000001787e+00
3.516000000000001791e+00
3.520000000000001794e+00
3.524000000000001798e+00
3.528000000000001801e+00
3.532000000000001805e+00
3.536000000000001808e+00
3.540000000000001812e+00
3.544000000000001815e+00
3.548000000000001819e+00
3.552000000000001823e+00
3.556000000000001826e+00
3.560000000000001830e+00
3.564000000000001833e+00
3.568000000000001837e+00
3.572000000000001840e+00
3.576000000000001844e+00
3.580000000000001847e+00
3.584000000000001407e+00
3.588000000000001410e+00
3.592000000000001414e+00
3.596000000000001418e+00
3.600000000000001421e+00
3.604000000000001425e+00
3.608000000000001428e+00
3.612000000000001432e+00
3.616000000000001435e+00
3.620000000000001439e+00
3.624000000000001442e+00
3.628000000000001446e+00
3.632000000000001450e+00
3.636000000000001453e+00
3.640000000000001457e+00
3.644000000000001460e+00
3.648000000000001464e+00
3.652000000000001467e+00
3.656000000000001471e+00
3.660000000000001474e+00
3.664000000000001478e+00
3.668000000000001481e+00
3.672000000000001485e+00
3.676000000000001489e+00
3.680000000000001492e+00
3.684000000000001496e+00
3.688000000000001499e+00
3.692000000000001503e+00
3.696000000000001506e+00
3.700000000000001510e+00
3.704000000000001513e+00
3.708000000000001517e+00
3.712000000000001521e+00
3.716000000000001524e+00
3.720000000000001528e+00
3.724000000000001531e+00
3.728000000000001535e+00
3.732000000000001538e+00
3.736000000000001542e+00
3.740000000000001545e+00
3.744000000000001549e+00
3.748000000000001553e+00
3.752000000000001556e+00
3.756000000000001560e+00
3.760000000000001563e+00
3.764000000000001567e+00
3.768000000000001570e+00
3.772000000000001574e+00
3.776000000000001577e+00
3.780000000000001581e+00
3.784000000000001585e+00
3.788000000000001588e+00
3.792000000000001592e+00
3.796000000000001595e+00
3.800000000000001599e+00
3.804000000000001602e+00
3.808000000000001606e+00
3.812000000000001609e+00
3.816000000000001613e+00
3.820000000000001616e+00
3.824000000000001620e+00
3.828000000000001624e+00
3.832000000000001627e+00
3.836000000000001631e+00
3.840000000000001634e+00
3.844000000000001638e+00
3.848000000000001641e+00
3.852000000000001645e+00
3.856000000000001648e+00
3.860000000000001652e+00
3.864000000000001656e+00
3.868000000000001659e+00
3.872000000000001663e+00
3.876000000000001666e+00
3.880000000000001670e+00
3.884000000000001673e+00
3.888000000000001677e+00
3.892000000000001680e+00
3.896000000000001684e+00
3.900000000000001688e+00
3.904000000000001691e+00
3.908000000000001695e+00
3.912000000000001698e+00
3.916000000000001702e+00
3.920000000000001705e+00
3.924000000000001709e+00
3.928000000000001712e+00
3.932000000000001716e+00
3.936000000000001720e+00
3.940000000000001723e+00
3.944000000000001727e+00
3.948000000000001730e+00
3.952000000000001734e+00
3.956000000000001737e+00
3.960000000000001741e+00
3.964000000000001744e+00
3.968000000000001748e+00
3.972000000000001751e+00
3.976000000000001755e+00
3.980000000000001759e+00
3.984000000000001762e+00
3.988000000000001766e+00
3.992000000000001769e+00
3.996000000000001773e+00
4.000000000000001776e+00
4.004000000000002224e+00
4.008000000000001783e+00
4.012000000000002231e+00
4.016000000000001791e+00
4.020000000000002238e+00
4.024000000000001798e+00
4.028000000000002245e+00
4.032000000000001805e+00
4.036000000000002252e+00
4.040000000000001812e+00
4.044000000000002260e+00
4.048000000000001819e+00
4.052000000000002267e+00
4.056000000000001826e+00
4.060000000000002274e+00
4.064000000000001833e+00
4.068000000000002281e+00
4.072000000000001840e+00
4.076000000000002288e+00
4.080000000000001847e+00
4.084000000000002295e+00
4.088000000000001855e+00
4.092000000000002302e+00
4.096000000000001862e+00
4.100000000000001421e+00
4.104000000000001869e+00
4.108000000000001428e+00
4.112000000000001876e+00
4.116000000000001435e+00
4.120000000000001883e+00
4.124000000000001442e+00
4.128000000000001890e+00
4.132000000000001450e+00
4.136000000000001897e+00
4.140000000000001457e+00
4.144000000000001904e+00
4.148000000000001464e+00
4.152000000000001911e+00
4.156000000000001471e+00
4.160000000000001918e+00
4.164000000000001478e+00
4.168000000000001926e+00
4.172000000000001485e+00
4.176000000000001933e+00
4.180000000000001492e+00
4.184000000000001940e+00
4.188000000000001499e+00
4.192000000000001947e+00
4.196000000000001506e+00
4.200000000000001954e+00
