Hermiticity check passed!
Symmetry checks passed!
Hermiticity check passed!
Symmetry checks passed!
  (0, 0)	-32.0
  (0, 1)	-0.4
  (1, 0)	-0.4000000000000001
  (1, 1)	-24.0
  (1, 2)	-0.2
  (1, 3)	-0.14142135623730953
  (1, 6)	-0.2
  (1, 7)	-0.28284271247461906
  (1, 9)	-0.2
  (1, 34)	-0.14142135623730953
  (1, 35)	-0.2
  (1, 37)	-0.14142135623730953
  (2, 1)	-0.2
  (2, 2)	-20.0
  (2, 4)	-0.2
  (2, 8)	-0.2
  (2, 11)	-0.2
  (2, 36)	-0.14142135623730953
  (2, 39)	-0.14142135623730953
  (3, 1)	-0.14142135623730953
  (3, 3)	-16.0
  (3, 4)	-0.14142135623730953
  (3, 10)	-0.2
  (3, 13)	-0.2
  (3, 38)	-0.14142135623730953
  :	:
  (778, 528)	-0.2
  (778, 561)	-0.28284271247461906
  (778, 715)	-0.2
  (779, 557)	-0.2
  (779, 580)	-0.14142135623730953
  (779, 686)	-0.14142135623730953
  (779, 688)	-0.2
  (779, 704)	-0.14142135623730953
  (779, 715)	-0.14142135623730953
  (779, 779)	8.0
  (780, 583)	-0.28284271247461906
  (780, 688)	-0.28284271247461906
  (780, 780)	8.0
  (781, 536)	-0.4
  (782, 704)	-0.4
  (782, 782)	16.0
  (783, 653)	-0.4
  (784, 656)	-0.28284271247461906
  (784, 668)	-0.2
  (784, 743)	-0.2
  (784, 784)	16.0
  (785, 671)	-0.4
  (785, 785)	16.0
  (786, 738)	-0.4
  (786, 786)	32.0
  (0, 1)	-4.0
  (1, 0)	-4.0
  (1, 2)	-2.0
  (1, 3)	-1.4142135623730951
  (1, 6)	-2.0
  (1, 7)	-2.8284271247461903
  (1, 9)	-2.0
  (1, 34)	-1.4142135623730951
  (1, 35)	-2.0
  (1, 37)	-1.4142135623730951
  (2, 1)	-2.0
  (2, 4)	-2.0
  (2, 8)	-2.0
  (2, 11)	-2.0
  (2, 36)	-1.4142135623730951
  (2, 39)	-1.4142135623730951
  (3, 1)	-1.4142135623730951
  (3, 4)	-1.4142135623730951
  (3, 10)	-2.0
  (3, 13)	-2.0
  (3, 38)	-1.4142135623730951
  (3, 41)	-1.4142135623730951
  (4, 2)	-2.0
  (4, 3)	-1.4142135623730951
  (4, 5)	-2.0
  :	:
  (775, 663)	-1.4142135623730951
  (775, 716)	-1.4142135623730951
  (776, 571)	-2.8284271247461903
  (776, 661)	-2.8284271247461903
  (777, 554)	-2.8284271247461903
  (777, 686)	-2.8284271247461903
  (778, 528)	-2.0
  (778, 561)	-2.8284271247461903
  (778, 715)	-2.0
  (779, 557)	-2.0
  (779, 580)	-1.4142135623730951
  (779, 686)	-1.4142135623730951
  (779, 688)	-2.0
  (779, 704)	-1.4142135623730951
  (779, 715)	-1.4142135623730951
  (780, 583)	-2.8284271247461903
  (780, 688)	-2.8284271247461903
  (781, 536)	-4.0
  (782, 704)	-4.0
  (783, 653)	-4.0
  (784, 656)	-2.8284271247461903
  (784, 668)	-2.0
  (784, 743)	-2.0
  (785, 671)	-4.0
  (786, 738)	-4.0
[-32.02000104 -24.02749547]
[[ 9.98750445e-01  4.98986126e-02]
 [ 4.99401236e-02 -9.94542288e-01]
 [ 8.32357080e-04 -4.97844009e-02]
 ...
 [ 8.02867501e-15 -2.06622972e-12]
 [ 5.29050387e-15 -1.27708042e-12]
 [ 1.42245745e-15 -1.90854807e-13]]
[-16. -12.]
[[-0.00552427 -0.0032119 ]
 [-0.02209709 -0.00963571]
 [-0.02209709 -0.02296012]
 ...
 [-0.01104854  0.04446173]
 [-0.0078125   0.02421876]
 [-0.00552427  0.03211097]]
[[-0.00552427+0.j         -0.02209709+0.j         -0.02209709+0.j
  ... -0.01104854+0.j         -0.0078125 +0.j
  -0.00552427+0.j        ]
 [-0.00521842-0.00182339j -0.02138658-0.00560042j -0.02159178-0.00473996j
  ... -0.01093056+0.00158585j -0.00772908+0.00112135j
  -0.00526731+0.00165347j]
 [-0.00433356-0.00344881j -0.01929891-0.0108494j  -0.02009793-0.00926918j
  ... -0.01057934+0.00313621j -0.00748075+0.00221751j
  -0.00452131+0.00314953j]
 ...
 [-0.00461733+0.00303584j -0.0206854 +0.00939927j -0.02296319+0.0115955j
  ...  0.00361664-0.01566002j -0.00447547-0.00124561j
  -0.00478358-0.00270582j]
 [-0.00535073+0.00133861j -0.0222692 +0.00387292j -0.02467176+0.00655426j
  ...  0.00122308-0.01594841j -0.00458247-0.00047638j
  -0.00538221-0.00114773j]
 [-0.00548974-0.00050304j -0.02242953-0.00185539j -0.02530632+0.00129941j
  ... -0.00117922-0.01586829j -0.00456177+0.00029621j
  -0.00547939+0.00051991j]]
[1.0, 1.0000000000000004, 1.0, 1.0, 1.0, 1.0000000000000004, 1.0, 1.0, 1.0, 1.0, 1.0, 1.0000000000000004, 1.0000000000000004, 1.0, 1.0, 1.0, 1.0, 0.9999999999999998, 1.0, 1.0, 1.0, 1.0, 1.0000000000000004, 1.0000000000000004, 0.9999999999999998, 1.0, 1.0000000000000004, 1.0, 1.0, 0.9999999999999998, 1.0, 1.0, 1.0, 1.0, 1.0, 0.9999999999999998, 1.0, 1.0, 1.0, 1.0, 1.0, 1.0, 1.0, 1.0, 1.0, 1.0, 1.0, 1.0, 1.0000000000000004, 1.0, 1.0000000000000004, 1.0000000000000004, 1.0000000000000004, 1.0, 0.9999999999999998, 1.0, 1.0, 1.0, 1.0000000000000004, 1.0000000000000004, 1.0, 1.0, 1.0, 1.0000000000000004, 1.0, 0.9999999999999996, 1.0000000000000004, 1.0, 1.0, 1.0, 1.0, 1.0000000000000004, 1.0, 1.0, 0.9999999999999996, 1.0, 1.0000000000000004, 1.0, 1.0, 1.0, 1.0, 0.9999999999999998, 0.9999999999999998, 1.0, 1.0, 1.0, 0.9999999999999998, 1.0, 1.0, 1.0, 0.9999999999999998, 1.0, 1.0, 1.0, 1.0, 1.0, 0.9999999999999998, 1.0000000000000004, 0.9999999999999998, 1.0000000000000004, 0.9999999999999998, 1.0, 1.0, 0.9999999999999998, 1.0, 1.0, 1.0, 1.0000000000000004, 1.0, 1.0000000000000004, 1.0000000000000004, 1.0, 1.0, 1.0, 0.9999999999999998, 1.0, 1.0, 1.0, 1.0, 1.0, 1.0, 1.0000000000000004, 1.0, 1.0000000000000004, 1.0, 1.0, 1.0000000000000004, 1.0, 1.0, 1.0, 1.0000000000000004, 1.0, 0.9999999999999998, 1.0, 1.0, 1.0, 1.0, 1.0, 1.0, 1.0, 1.0, 1.0, 1.0, 1.0, 1.0, 1.0, 1.0, 1.0000000000000004, 1.0000000000000004, 1.0, 0.9999999999999998, 1.0, 1.0, 1.0, 1.0, 1.0, 0.9999999999999998, 1.0, 1.0, 0.9999999999999998, 0.9999999999999998, 1.0, 1.0000000000000004, 1.0, 1.0, 1.0, 1.0000000000000004, 1.0000000000000004, 0.9999999999999998, 1.0, 1.0, 1.0000000000000004, 1.0, 1.0, 1.0000000000000004, 1.0, 1.0000000000000004, 1.0, 1.0, 1.0000000000000004, 1.0000000000000004, 1.0000000000000004, 1.0000000000000004, 1.0000000000000004, 1.0000000000000004, 1.0000000000000004, 1.0000000000000004, 1.0000000000000004, 1.0000000000000004, 1.0, 1.0000000000000004, 1.0000000000000004, 1.0, 1.0, 1.0, 1.0000000000000004, 1.0, 1.0000000000000004, 1.0, 1.0, 1.0, 1.0000000000000004, 1.0000000000000004, 1.0, 1.0, 1.0000000000000004, 1.0000000000000004, 1.0000000000000004, 1.0000000000000004, 1.0, 1.0, 1.0000000000000004, 1.0000000000000004, 1.0000000000000004, 1.0, 0.9999999999999998, 1.0, 1.0000000000000004, 1.0, 1.0000000000000004, 1.0000000000000004, 1.0, 1.0000000000000004, 1.0, 1.0, 1.0, 1.0, 1.0000000000000004, 1.0, 1.0000000000000004, 1.0000000000000004, 1.0, 1.0000000000000004, 1.0000000000000004, 1.0000000000000004, 1.0, 1.0, 1.0000000000000004, 1.0, 1.0, 1.0, 1.0, 1.0, 1.0, 0.9999999999999998, 1.0000000000000004, 1.0, 1.0, 1.0000000000000004, 1.0000000000000004, 1.0, 1.0, 1.0, 1.0000000000000004, 1.0, 1.0, 1.0000000000000004, 1.0000000000000004, 1.0, 1.0, 1.0000000000000004, 1.0000000000000004, 1.0000000000000004, 1.0, 1.0, 1.0, 1.0000000000000004, 1.0, 1.0000000000000004, 1.0, 1.0000000000000004, 1.0000000000000004, 1.0000000000000004, 1.0, 1.0000000000000004, 1.0000000000000004, 1.0, 1.0000000000000004, 1.0, 1.0000000000000004, 1.0000000000000004, 1.0000000000000004, 1.0000000000000004, 1.0000000000000004, 1.0000000000000004, 1.0, 1.0000000000000004, 1.0000000000000004, 1.0000000000000004, 1.0000000000000004, 1.0, 1.0, 1.0, 1.0000000000000004, 1.0, 1.0, 1.0, 1.0000000000000004, 1.0000000000000004, 1.0000000000000004, 1.0, 1.0000000000000004, 1.0000000000000004, 1.0000000000000004, 1.0000000000000004, 1.0, 1.0000000000000004, 1.0, 1.0, 1.0000000000000004, 1.0000000000000004, 1.0000000000000004, 1.0000000000000004, 1.0, 1.0000000000000004, 1.0000000000000004, 1.0000000000000004, 1.0000000000000004, 1.0, 1.0000000000000004, 1.0000000000000004, 1.0000000000000004, 1.0, 1.0000000000000004, 1.0000000000000004, 1.0, 1.0, 1.0000000000000004, 1.0, 1.0000000000000004, 1.0000000000000004, 1.0, 1.0, 1.0000000000000004, 1.0, 1.0000000000000004, 1.0, 1.0000000000000004, 1.0000000000000004, 1.0, 1.0, 1.0000000000000004, 1.0, 1.0, 1.0000000000000004, 1.0000000000000004, 1.0000000000000004, 1.0000000000000004, 1.0000000000000004, 1.0000000000000004, 1.0000000000000004, 1.0000000000000004, 1.0000000000000009, 1.0000000000000004, 1.0000000000000004, 1.0, 1.0, 1.0, 1.0000000000000004, 1.0000000000000009, 1.0, 1.0000000000000004, 1.0, 1.0000000000000004, 1.0000000000000004, 1.0, 1.0000000000000004, 1.0000000000000004, 1.0000000000000004, 1.0000000000000009, 1.0000000000000004, 1.0000000000000004, 1.0000000000000004, 1.0000000000000004, 1.0, 1.0000000000000004, 1.0, 1.0000000000000009, 1.0000000000000004, 1.0000000000000004, 1.0, 1.0000000000000004, 1.0000000000000004, 1.0000000000000004, 1.0000000000000004, 1.0000000000000009, 1.0000000000000004, 1.0000000000000004, 1.0, 1.0000000000000004, 1.0000000000000004, 1.0000000000000009, 1.0000000000000009, 1.0000000000000004, 1.0000000000000004, 1.0000000000000004, 1.0000000000000004, 1.0000000000000004, 1.0000000000000004, 1.0000000000000004, 1.0000000000000009, 1.0000000000000004, 1.0, 1.0000000000000009, 1.0000000000000009, 1.0000000000000004, 1.0000000000000004, 1.0000000000000004, 1.0000000000000004, 1.0000000000000004, 1.0000000000000004, 1.0000000000000004, 1.0, 1.0000000000000004, 1.0000000000000004, 1.0000000000000004, 1.0000000000000004, 1.0, 1.0000000000000004, 1.0000000000000009, 1.0000000000000004, 1.0000000000000004, 1.0000000000000004, 1.0000000000000004, 1.0000000000000004, 1.0000000000000004, 1.0000000000000004, 1.0000000000000004, 1.0000000000000004, 1.0000000000000004, 1.0000000000000009, 1.0000000000000004, 1.0000000000000009, 1.0, 1.0000000000000004, 1.0000000000000004, 1.0000000000000004, 1.0000000000000004, 1.0, 1.0, 1.0, 1.0000000000000004, 1.0000000000000004, 1.0000000000000004, 1.0, 1.0000000000000004, 1.0000000000000004, 1.0000000000000004, 1.0000000000000004, 1.0000000000000004, 1.0000000000000004, 1.0000000000000004, 1.0000000000000004, 1.0, 1.0000000000000004, 1.0000000000000004, 1.0000000000000004, 1.0000000000000004, 1.0, 1.0000000000000004, 1.0000000000000004, 1.0000000000000004, 1.0000000000000004, 1.0000000000000004, 1.0000000000000004, 1.0, 1.0000000000000004, 1.0, 1.0, 1.0, 1.0000000000000004, 1.0]
[-1.6000000000000059, -1.6000000000000003, -1.5999999999999999, -1.5999999999999996, -1.6000000000000003, -1.6, -1.6000000000000005, -1.6000000000000005, -1.5999999999999992, -1.600000000000001, -1.5999999999999996, -1.599999999999999, -1.5999999999999999, -1.6000000000000005, -1.6000000000000003, -1.5999999999999985, -1.599999999999999, -1.6000000000000008, -1.5999999999999988, -1.6, -1.5999999999999992, -1.5999999999999979, -1.599999999999999, -1.599999999999999, -1.5999999999999988, -1.5999999999999992, -1.5999999999999956, -1.5999999999999988, -1.5999999999999968, -1.599999999999997, -1.599999999999997, -1.5999999999999956, -1.5999999999999959, -1.599999999999996, -1.599999999999996, -1.599999999999996, -1.5999999999999956, -1.5999999999999948, -1.5999999999999956, -1.5999999999999952, -1.5999999999999963, -1.599999999999996, -1.599999999999996, -1.599999999999996, -1.599999999999996, -1.5999999999999954, -1.5999999999999954, -1.599999999999997, -1.599999999999995, -1.5999999999999963, -1.5999999999999954, -1.5999999999999954, -1.5999999999999959, -1.5999999999999963, -1.5999999999999968, -1.599999999999995, -1.599999999999996, -1.5999999999999965, -1.5999999999999968, -1.5999999999999965, -1.599999999999997, -1.5999999999999979, -1.5999999999999979, -1.5999999999999974, -1.5999999999999965, -1.5999999999999992, -1.5999999999999963, -1.5999999999999976, -1.5999999999999979, -1.5999999999999968, -1.5999999999999996, -1.5999999999999963, -1.5999999999999988, -1.5999999999999983, -1.5999999999999983, -1.5999999999999974, -1.5999999999999959, -1.599999999999997, -1.599999999999998, -1.599999999999998, -1.5999999999999979, -1.5999999999999988, -1.599999999999999, -1.599999999999996, -1.599999999999996, -1.5999999999999965, -1.5999999999999968, -1.599999999999993, -1.599999999999994, -1.599999999999993, -1.599999999999993, -1.5999999999999923, -1.5999999999999939, -1.5999999999999936, -1.599999999999993, -1.5999999999999943, -1.599999999999995, -1.5999999999999934, -1.5999999999999936, -1.5999999999999934, -1.5999999999999939, -1.5999999999999943, -1.5999999999999943, -1.5999999999999952, -1.5999999999999939, -1.5999999999999934, -1.5999999999999936, -1.5999999999999936, -1.5999999999999934, -1.5999999999999928, -1.5999999999999928, -1.5999999999999934, -1.599999999999993, -1.5999999999999925, -1.5999999999999923, -1.5999999999999912, -1.5999999999999903, -1.599999999999991, -1.5999999999999917, -1.5999999999999908, -1.5999999999999917, -1.599999999999991, -1.5999999999999917, -1.599999999999991, -1.5999999999999914, -1.599999999999991, -1.5999999999999914, -1.599999999999992, -1.5999999999999912, -1.5999999999999912, -1.5999999999999905, -1.599999999999992, -1.5999999999999919, -1.599999999999992, -1.5999999999999917, -1.5999999999999917, -1.599999999999992, -1.599999999999991, -1.5999999999999917, -1.5999999999999908, -1.599999999999992, -1.599999999999991, -1.5999999999999923, -1.5999999999999923, -1.5999999999999917, -1.5999999999999908, -1.599999999999991, -1.5999999999999919, -1.59999999999999, -1.599999999999991, -1.5999999999999923, -1.5999999999999912, -1.5999999999999917, -1.5999999999999919, -1.599999999999992, -1.5999999999999908, -1.5999999999999925, -1.5999999999999912, -1.5999999999999914, -1.5999999999999932, -1.5999999999999932, -1.5999999999999919, -1.5999999999999919, -1.599999999999992, -1.5999999999999912, -1.5999999999999912, -1.5999999999999923, -1.599999999999991, -1.5999999999999956, -1.5999999999999928, -1.599999999999994, -1.599999999999992, -1.5999999999999923, -1.5999999999999914, -1.5999999999999905, -1.5999999999999919, -1.5999999999999897, -1.5999999999999925, -1.5999999999999912, -1.5999999999999905, -1.5999999999999905, -1.599999999999991, -1.599999999999991, -1.5999999999999897, -1.5999999999999908, -1.59999999999999, -1.5999999999999905, -1.5999999999999905, -1.5999999999999905, -1.5999999999999919, -1.599999999999991, -1.5999999999999905, -1.5999999999999912, -1.5999999999999899, -1.599999999999991, -1.5999999999999892, -1.5999999999999899, -1.59999999999999, -1.5999999999999912, -1.5999999999999899, -1.5999999999999899, -1.5999999999999912, -1.5999999999999919, -1.599999999999993, -1.599999999999993, -1.5999999999999928, -1.5999999999999919, -1.5999999999999917, -1.5999999999999914, -1.599999999999992, -1.5999999999999932, -1.5999999999999919, -1.5999999999999919, -1.5999999999999908, -1.599999999999993, -1.599999999999993, -1.5999999999999923, -1.5999999999999914, -1.5999999999999919, -1.5999999999999917, -1.5999999999999914, -1.599999999999992, -1.599999999999992, -1.5999999999999917, -1.5999999999999925, -1.5999999999999917, -1.599999999999993, -1.5999999999999925, -1.5999999999999923, -1.5999999999999919, -1.5999999999999919, -1.599999999999992, -1.599999999999991, -1.599999999999992, -1.5999999999999914, -1.599999999999992, -1.5999999999999917, -1.5999999999999917, -1.599999999999993, -1.599999999999993, -1.599999999999992, -1.599999999999991, -1.599999999999992, -1.5999999999999914, -1.5999999999999939, -1.5999999999999919, -1.5999999999999919, -1.5999999999999934, -1.599999999999992, -1.599999999999991, -1.5999999999999925, -1.599999999999993, -1.5999999999999928, -1.5999999999999919, -1.5999999999999919, -1.5999999999999923, -1.5999999999999925, -1.5999999999999914, -1.5999999999999934, -1.5999999999999952, -1.5999999999999936, -1.5999999999999919, -1.5999999999999923, -1.599999999999993, -1.599999999999992, -1.599999999999993, -1.5999999999999932, -1.5999999999999939, -1.5999999999999914, -1.5999999999999939, -1.5999999999999932, -1.5999999999999928, -1.5999999999999919, -1.5999999999999934, -1.5999999999999919, -1.599999999999992, -1.5999999999999936, -1.5999999999999923, -1.5999999999999943, -1.5999999999999928, -1.5999999999999923, -1.5999999999999928, -1.5999999999999928, -1.5999999999999936, -1.5999999999999945, -1.599999999999993, -1.5999999999999917, -1.5999999999999934, -1.5999999999999919, -1.5999999999999928, -1.5999999999999908, -1.5999999999999905, -1.5999999999999905, -1.5999999999999912, -1.5999999999999903, -1.5999999999999914, -1.5999999999999912, -1.5999999999999914, -1.59999999999999, -1.5999999999999905, -1.5999999999999897, -1.5999999999999903, -1.59999999999999, -1.59999999999999, -1.5999999999999905, -1.5999999999999908, -1.599999999999991, -1.599999999999991, -1.599999999999991, -1.5999999999999903, -1.5999999999999892, -1.59999999999999, -1.5999999999999905, -1.5999999999999903, -1.5999999999999897, -1.5999999999999905, -1.5999999999999888, -1.5999999999999888, -1.5999999999999899, -1.5999999999999892, -1.59999999999999, -1.599999999999991, -1.5999999999999903, -1.5999999999999885, -1.5999999999999885, -1.5999999999999897, -1.599999999999989, -1.5999999999999897, -1.5999999999999903, -1.5999999999999903, -1.5999999999999892, -1.5999999999999888, -1.5999999999999908, -1.5999999999999892, -1.5999999999999912, -1.5999999999999894, -1.5999999999999912, -1.5999999999999892, -1.5999999999999894, -1.5999999999999897, -1.5999999999999908, -1.5999999999999905, -1.599999999999991, -1.5999999999999899, -1.59999999999999, -1.5999999999999905, -1.5999999999999932, -1.5999999999999914, -1.599999999999991, -1.5999999999999919, -1.5999999999999914, -1.5999999999999914, -1.5999999999999912, -1.599999999999993, -1.5999999999999917, -1.5999999999999925, -1.5999999999999925, -1.599999999999992, -1.5999999999999928, -1.5999999999999925, -1.5999999999999912, -1.5999999999999923, -1.599999999999993, -1.5999999999999919, -1.5999999999999919, -1.5999999999999919, -1.5999999999999919, -1.5999999999999914, -1.599999999999991, -1.5999999999999917, -1.599999999999991, -1.5999999999999914, -1.59999999999999, -1.5999999999999903, -1.5999999999999912, -1.5999999999999912, -1.599999999999988, -1.599999999999989, -1.5999999999999903, -1.5999999999999897, -1.5999999999999903, -1.5999999999999903, -1.5999999999999897, -1.59999999999999, -1.59999999999999, -1.5999999999999899, -1.5999999999999894, -1.5999999999999912, -1.5999999999999914, -1.59999999999999, -1.5999999999999905, -1.5999999999999899, -1.5999999999999899, -1.5999999999999905, -1.5999999999999919, -1.5999999999999908, -1.5999999999999917, -1.5999999999999912, -1.5999999999999908, -1.5999999999999894, -1.5999999999999905, -1.5999999999999914, -1.5999999999999925, -1.5999999999999897, -1.5999999999999903, -1.5999999999999903, -1.5999999999999899, -1.5999999999999899, -1.5999999999999899, -1.599999999999989, -1.5999999999999892, -1.5999999999999899, -1.5999999999999912, -1.5999999999999908, -1.59999999999999, -1.5999999999999888, -1.5999999999999892, -1.5999999999999912, -1.5999999999999899, -1.5999999999999899, -1.5999999999999897, -1.5999999999999899, -1.59999999999999, -1.5999999999999897, -1.5999999999999899, -1.5999999999999892, -1.5999999999999892, -1.5999999999999897, -1.5999999999999905, -1.5999999999999899, -1.599999999999989, -1.59999999999999, -1.5999999999999903, -1.599999999999991, -1.5999999999999908, -1.5999999999999897, -1.59999999999999, -1.599999999999989, -1.5999999999999899, -1.59999999999999, -1.5999999999999885, -1.5999999999999897, -1.5999999999999888, -1.5999999999999883, -1.5999999999999897, -1.5999999999999885, -1.5999999999999899, -1.5999999999999883, -1.59999999999999, -1.5999999999999905, -1.5999999999999899, -1.599999999999989, -1.59999999999999, -1.5999999999999912, -1.5999999999999903, -1.599999999999988, -1.5999999999999892, -1.5999999999999894, -1.599999999999991, -1.5999999999999892, -1.5999999999999897, -1.5999999999999897, -1.5999999999999905, -1.5999999999999892, -1.59999999999999, -1.599999999999991, -1.5999999999999905, -1.5999999999999903, -1.5999999999999917, -1.5999999999999917, -1.5999999999999905, -1.5999999999999905]
[1.0, 0.9991994564787702, 0.9968010422918814, 0.992814388910362, 0.9872554900325813, 0.9801466138427193, 0.9715161809468391, 0.9613986087542973, 0.9498341232824385, 0.9368685395659289, 0.9225530120473362, 0.9069437565113841, 0.89010174530034, 0.8720923777112285, 0.852985127625811, 0.83285317056069, 0.8117729924465305, 0.7898239825516244, 0.7670880130551487, 0.7436490078490676, 0.7195925032042548, 0.6950052029759168, 0.6699745310455588, 0.6445881837016055, 0.6189336846484669, 0.5930979453045166, 0.5671668330035355, 0.5412247496519522, 0.5153542233164249, 0.4896355151233555, 0.4641462437446774, 0.43896102962340705, 0.4141511609588767, 0.3897842833261873, 0.3659241146482092, 0.3426301870724116, 0.3199576171300379, 0.2979569053726957, 0.27667376649249265, 0.2561489907375255, 0.23641833723603717, 0.21751245964104138, 0.1994568643039028, 0.18227190098142593, 0.16597278587765568, 0.1505696566199952, 0.13606765857059672, 0.12246706167941203, 0.10976340689594896, 0.09794768097377494, 0.08700651832620378, 0.0769224284244599, 0.06767404707190626, 0.059236409740634696, 0.05158124502072689, 0.044677286108668335, 0.03849059815051367, 0.0329849191581857, 0.02812201213439209, 0.023862025973634782, 0.020163862654163024, 0.016985548198885956, 0.01428460486252928, 0.012018421997913633, 0.01014462306627127, 0.008621426285017799, 0.007407996451274384, 0.006464785540496359, 0.005753859756503795, 0.005239210801621449, 0.004887049242992902, 0.004666077972816969, 0.00454774389552743, 0.00450646612296717, 0.004519839118467933, 0.004568809401409779, 0.004637824604197349, 0.00471495386246364, 0.004791978715441382, 0.004864453895510077, 0.004931737592562976, 0.004996990988632725, 0.005067147069725429, 0.005152848933581193, 0.0052683580226332155, 0.005431432919315478, 0.00566317954462008, 0.005987873799005183, 0.006432757876022946, 0.0070278116620326875, 0.007805500808819289, 0.008800503228636614, 0.010049415912021176, 0.011590444106624435, 0.013463075019353966, 0.015707738313445692, 0.01836545576597564, 0.02147748252913548, 0.02508494249982915, 0.029228460346408143, 0.03394779276837712, 0.03928146157451496, 0.04526639115704372, 0.051937552914316565, 0.059327619132199194, 0.0674666287751984, 0.07638166756287915, 0.08609656461574065, 0.09663160784813235, 0.10800328016470896, 0.12022401838218685, 0.13330199665066078, 0.1472409359894807, 0.16203994138270797, 0.17769336769960667, 0.19419071551765343, 0.21151655773039316, 0.22965049762140471, 0.2485671588799768, 0.2682362078251556, 0.28862240789397875, 0.3096857062382985, 0.3313813520640172, 0.35366004613814145, 0.3764681206841958, 0.39974774868651775, 0.42343718143013137, 0.44747101291648783, 0.4717804696176412, 0.49629372386355247, 0.5209362290002748, 0.5456310743118844, 0.5702993575670944, 0.5948605729334606, 0.6192330118987612, 0.6433341747512096, 0.6670811900982707, 0.690391239848517, 0.7131819870425357, 0.7353720038977389, 0.7568811974281435, 0.7776312300138427, 0.7975459323259466, 0.8165517060609513, 0.8345779140035747, 0.8515572550185551, 0.8674261216692143, 0.8821249382730837, 0.8955984773317341, 0.907796152412282, 0.9186722857108731, 0.9281863486926472, 0.9363031743771084, 0.9429931400212319, 0.9482323191437, 0.9520026020310104, 0.9542917840684492, 0.9550936214446057, 0.9544078539858267, 0.95224019508522, 0.9486022888981347, 0.9435116351810446, 0.9369914823519483, 0.9290706895465246, 0.919783558633964, 0.9091696373384368, 0.8972734947853114, 0.884144470954547, 0.8698364016759927, 0.8544073209418465, 0.8379191424394119, 0.8204373223218072, 0.802030505334929, 0.7827701565051499, 0.7627301806636803, 0.741986532139907, 0.7206168169972117, 0.6986998902107546, 0.6763154501974726, 0.6535436331043211, 0.6304646092417753, 0.6071581840161766, 0.5837034056670722, 0.5601781820547573, 0.5366589086693558, 0.5132201099466062, 0.48993409587774894, 0.4668706357922726, 0.44409665107356594, 0.42167592843955093, 0.3996688552840148, 0.3781321784304636, 0.3571187874998146, 0.33667752393702977, 0.3168530165807918, 0.297685544495464, 0.279210927616807, 0.26146044559313786, 0.2444607850327899, 0.22823401519772424, 0.21279759201291248, 0.19816439009251538, 0.18434276231782296, 0.17133662633925384, 0.1591455772162767, 0.14776502525575233, 0.13718635796168363, 0.12739712486849394, 0.11838124389647814, 0.11011922774270183, 0.10258842870405228, 0.09576330022203139, 0.08961567334182619, 0.08411504619179004, 0.07922888451423148, 0.07492293121482932, 0.07116152284650189, 0.06790791090452285, 0.06512458578342077, 0.06277360123296691, 0.06081689715053593, 0.059216618560424504, 0.05793542865737852, 0.05693681383156492, 0.05618537864541373, 0.05564712879894844, 0.05528974019912822, 0.055082812339978214, 0.05499810430342175, 0.0550097518052124, 0.05509446383556607, 0.05523169757930306, 0.05540381044474288, 0.05559618818338105, 0.05579734824258071, 0.05599901766013606, 0.056196184981535294, 0.05638712585696031, 0.05657340215434006, 0.05675983460592493, 0.056954449187642586, 0.05716839761167457, 0.05741585249200655, 0.05771387791888295, 0.05808227634989388, 0.058543412891602725, 0.05912201820498776, 0.059844971419354666, 0.06074106458167142, 0.06184075030042268, 0.06317587436409705, 0.0647793952233959, 0.0666850923223595, 0.06892726534611228, 0.07154042652119898, 0.07455898815797565, 0.07801694766281739, 0.08194757227068104, 0.08638308575562285, 0.09135435936812564, 0.09689060922357143, 0.1030191023260426, 0.10976487335611988, 0.11715045428083104, 0.125195618758882, 0.1339171432153643, 0.1433285863479642, 0.15344008870210296, 0.16425819381628173, 0.175785692292167, 0.18802148998766047, 0.2009605013664832, 0.21459356886581124, 0.22890740896548947, 0.24388458545954972, 0.2595035102445104, 0.2757384717505243, 0.29255969095224904, 0.30993340470765035, 0.3278219759861741, 0.34618403036416706, 0.3649746179863594, 0.38414540001896, 0.4036448584536292, 0.4234185279634902, 0.4434092483635188, 0.463557436089136, 0.4838013729796151, 0.5040775105378256, 0.5243207877357439, 0.5444649603466407, 0.5644429397106034, 0.5841871387804738, 0.6036298232507685, 0.6227034655429711, 0.6413410994068507, 0.6594766728992238, 0.677045397518713, 0.6939840913073818, 0.71023151377731, 0.7257286905817791, 0.7404192259262211, 0.7542496008028426, 0.7671694552340601, 0.779131852822832, 0.7900935260316833, 0.8000151007457068, 0.8088612988171119, 0.8166011174387638, 0.823207984350608, 0.8286598880445658, 0.832939482299362, 0.8360341645454629, 0.837936127730713, 0.8386423855280823, 0.8381547708970357, 0.8364799081781363, 0.8336291590655773, 0.8296185429631697, 0.8244686323849488, 0.8182044242109688, 0.8108551877511, 0.8024542907039303, 0.7930390042233549, 0.7826502884215031, 0.7713325597426259, 0.7591334417379934, 0.7461035008562478, 0.7322959689367177, 0.7177664541546465, 0.702572642216999, 0.6867739896453126, 0.6704314110080875, 0.6536069619794226, 0.6363635201032087, 0.6187644651334292, 0.6008733608012541, 0.5827536398289782, 0.5644682939699319, 0.5460795708026289, 0.5276486789472262, 0.5092355033032976, 0.49089833183059917, 0.4726935953095027, 0.4546756214257306, 0.43689640442556404, 0.41940539148349565, 0.40224928681499744, 0.3854718744533639, 0.36911386049212097, 0.3532127354739607, 0.3378026574841975, 0.3229143563820608, 0.30857505947732167, 0.2948084388335144, 0.28163458025294213, 0.2690699738733659, 0.25712752618242407, 0.24581659313393417, 0.23514303393093294, 0.22510928492412757, 0.21571445296193775, 0.20695442742001233, 0.19882201003451686, 0.1913070615651262, 0.18439666422095005, 0.1780752986960634, 0.17232503458131396, 0.16712573284604917, 0.1624552590177414, 0.15828970562953712, 0.15460362245585108, 0.15137025301457796, 0.1485617757815581, 0.1461495485388566, 0.14410435426339388, 0.14239664695665283, 0.14099679581970523, 0.13987532619072604, 0.13900315568450575, 0.13835182400523158, 0.13789371494488237, 0.13760226912986345, 0.13745218613779853, 0.13741961467446134, 0.13748232957736245, 0.13761989449715614, 0.13781380920037892, 0.1380476405365968, 0.13830713621929416, 0.13858032068219672, 0.13885757239053217, 0.1391316821093197, 0.13939789175738332, 0.13965391360563348, 0.13989992971043072, 0.14013857160666562, 0.14037488041969623, 0.14061624768954306, 0.14087233733385035, 0.1411549893071309, 0.14147810564179675, 0.1418575196804978, 0.14231084942844624, 0.1428573360677784, 0.1435176687827535, 0.14431379714387452, 0.145268732390047, 0.14640633902994996, 0.14775111825619686, 0.1493279847280096, 0.15116203832947706, 0.15327833255056786, 0.15570164116653562, 0.1584562249079078, 0.16156559981768864, 0.16505230898462514, 0.1689376993213787, 0.17324170502429434, 0.17798263930735625, 0.18317699594713083, 0.18883926210841626, 0.19498174384239544, 0.20161440556088267, 0.20874472469241154, 0.21637756261914623, 0.2245150528787011, 0.2331565074927946, 0.2422983421561518, 0.2519340208851974, 0.26205402058784394, 0.2726458158741556, 0.28369388428392023, 0.29517973196230873, 0.3070819396699196, 0.31937622886975353, 0.3320355474920665, 0.3450301748397569, 0.35832784496294245, 0.3718938877027085, 0.38569138648163204, 0.399681351803471, 0.41382290931724824, 0.4280735012025884, 0.44238909954429495, 0.4567244302854042, 0.47103320627983936, 0.48526836790875083, 0.49938232967903484, 0.5133272311885739, 0.5270551908206583, 0.5405185605198005, 0.5536701800027979, 0.5664636287722027, 0.5788534743241698, 0.5907955149786105, 0.6022470158062928, 0.6131669361845216, 0.6235161475797409, 0.6332576402311839, 0.6423567174939081, 0.6507811766913938, 0.6585014754266149, 0.6654908824052499, 0.6717256119346439, 0.6771849413763587, 0.6818513109477863, 0.6857104053884201, 0.6887512171280668, 0.6909660907166978, 0.6923507483978241, 0.6929042968284298]
[0.0, 0.012738853503184714, 0.025477707006369428, 0.03821656050955414, 0.050955414012738856, 0.06369426751592357, 0.07643312101910828, 0.089171974522293, 0.10191082802547771, 0.11464968152866242, 0.12738853503184713, 0.14012738853503184, 0.15286624203821655, 0.16560509554140126, 0.178343949044586, 0.1910828025477707, 0.20382165605095542, 0.21656050955414013, 0.22929936305732485, 0.24203821656050953, 0.25477707006369427, 0.267515923566879, 0.2802547770700637, 0.2929936305732484, 0.3057324840764331, 0.3184713375796178, 0.33121019108280253, 0.34394904458598724, 0.356687898089172, 0.36942675159235666, 0.3821656050955414, 0.3949044585987261, 0.40764331210191085, 0.42038216560509556, 0.43312101910828027, 0.445859872611465, 0.4585987261146497, 0.47133757961783446, 0.48407643312101906, 0.4968152866242039, 0.5095541401273885, 0.5222929936305732, 0.535031847133758, 0.5477707006369427, 0.5605095541401274, 0.5732484076433121, 0.5859872611464968, 0.5987261146496815, 0.6114649681528662, 0.624203821656051, 0.6369426751592356, 0.6496815286624203, 0.6624203821656051, 0.6751592356687898, 0.6878980891719745, 0.7006369426751592, 0.713375796178344, 0.7261146496815287, 0.7388535031847133, 0.7515923566878981, 0.7643312101910829, 0.7770700636942676, 0.7898089171974522, 0.802547770700637, 0.8152866242038217, 0.8280254777070064, 0.8407643312101911, 0.8535031847133758, 0.8662420382165605, 0.8789808917197452, 0.89171974522293, 0.9044585987261147, 0.9171974522292994, 0.9299363057324842, 0.9426751592356689, 0.9554140127388534, 0.9681528662420381, 0.980891719745223, 0.9936305732484078, 1.0063694267515924, 1.019108280254777, 1.0318471337579618, 1.0445859872611465, 1.0573248407643312, 1.070063694267516, 1.0828025477707006, 1.0955414012738853, 1.10828025477707, 1.1210191082802548, 1.1337579617834395, 1.1464968152866242, 1.1592356687898089, 1.1719745222929936, 1.1847133757961783, 1.197452229299363, 1.210191082802548, 1.2229299363057324, 1.2356687898089171, 1.248407643312102, 1.2611464968152868, 1.2738853503184713, 1.2866242038216562, 1.2993630573248407, 1.3121019108280256, 1.3248407643312101, 1.337579617834395, 1.3503184713375795, 1.3630573248407645, 1.375796178343949, 1.3885350318471337, 1.4012738853503184, 1.414012738853503, 1.426751592356688, 1.4394904458598725, 1.4522292993630574, 1.464968152866242, 1.4777070063694266, 1.4904458598726114, 1.5031847133757963, 1.5159235668789808, 1.5286624203821657, 1.5414012738853506, 1.5541401273885351, 1.5668789808917196, 1.5796178343949043, 1.592356687898089, 1.605095541401274, 1.6178343949044585, 1.6305732484076434, 1.643312101910828, 1.6560509554140128, 1.6687898089171975, 1.6815286624203822, 1.6942675159235667, 1.7070063694267517, 1.7197452229299361, 1.732484076433121, 1.7452229299363058, 1.7579617834394905, 1.7707006369426752, 1.78343949044586, 1.7961783439490444, 1.8089171974522293, 1.821656050955414, 1.8343949044585988, 1.8471337579617835, 1.8598726114649684, 1.872611464968153, 1.8853503184713378, 1.898089171974522, 1.9108280254777068, 1.9235668789808917, 1.9363057324840762, 1.9490445859872612, 1.961783439490446, 1.9745222929936306, 1.9872611464968155, 2.0, 2.0127388535031847, 2.0254777070063694, 2.038216560509554, 2.050955414012739, 2.0636942675159236, 2.0764331210191083, 2.089171974522293, 2.101910828025478, 2.1146496815286624, 2.127388535031847, 2.140127388535032, 2.1528662420382165, 2.1656050955414012, 2.1783439490445864, 2.1910828025477707, 2.203821656050956, 2.21656050955414, 2.229299363057325, 2.2420382165605095, 2.254777070063694, 2.267515923566879, 2.2802547770700636, 2.2929936305732483, 2.305732484076433, 2.3184713375796178, 2.3312101910828025, 2.343949044585987, 2.356687898089172, 2.3694267515923566, 2.3821656050955413, 2.394904458598726, 2.4076433121019107, 2.420382165605096, 2.43312101910828, 2.445859872611465, 2.4585987261146496, 2.4713375796178343, 2.484076433121019, 2.496815286624204, 2.5095541401273884, 2.5222929936305736, 2.535031847133758, 2.5477707006369426, 2.5605095541401277, 2.5732484076433124, 2.5859872611464967, 2.5987261146496814, 2.611464968152866, 2.6242038216560513, 2.6369426751592355, 2.6496815286624202, 2.6624203821656054, 2.67515923566879, 2.6878980891719744, 2.700636942675159, 2.713375796178344, 2.726114649681529, 2.738853503184713, 2.751592356687898, 2.764331210191083, 2.7770700636942673, 2.7898089171974525, 2.8025477707006368, 2.815286624203821, 2.828025477707006, 2.840764331210191, 2.853503184713376, 2.8662420382165608, 2.878980891719745, 2.8917197452229297, 2.904458598726115, 2.9171974522292996, 2.929936305732484, 2.9426751592356686, 2.9554140127388533, 2.9681528662420384, 2.9808917197452227, 2.993630573248408, 3.0063694267515926, 3.0191082802547764, 3.0318471337579616, 3.0445859872611463, 3.0573248407643314, 3.070063694267516, 3.0828025477707013, 3.095541401273885, 3.1082802547770703, 3.121019108280255, 3.1337579617834392, 3.1464968152866244, 3.1592356687898087, 3.171974522292994, 3.184713375796178, 3.1974522292993632, 3.210191082802548, 3.222929936305733, 3.235668789808917, 3.2484076433121016, 3.261146496815287, 3.273885350318471, 3.286624203821656, 3.2993630573248405, 3.3121019108280256, 3.32484076433121, 3.337579617834395, 3.3503184713375798, 3.3630573248407645, 3.3757961783439487, 3.3885350318471334, 3.4012738853503186, 3.4140127388535033, 3.4267515923566885, 3.4394904458598723, 3.452229299363057, 3.464968152866242, 3.4777070063694264, 3.4904458598726116, 3.5031847133757963, 3.515923566878981, 3.5286624203821653, 3.5414012738853504, 3.554140127388535, 3.56687898089172, 3.579617834394905, 3.592356687898089, 3.605095541401274, 3.6178343949044587, 3.630573248407644, 3.643312101910828, 3.6560509554140124, 3.6687898089171975, 3.681528662420382, 3.694267515923567, 3.7070063694267517, 3.719745222929937, 3.7324840764331206, 3.745222929936306, 3.7579617834394905, 3.7707006369426757, 3.78343949044586, 3.796178343949044, 3.8089171974522293, 3.8216560509554136, 3.8343949044585988, 3.8471337579617835, 3.8598726114649686, 3.8726114649681525, 3.885350318471337, 3.8980891719745223, 3.910828025477707, 3.923566878980892, 3.936305732484076, 3.949044585987261, 3.961783439490446, 3.974522292993631, 3.9872611464968153, 4.0, 4.012738853503184, 4.025477707006369, 4.038216560509555, 4.050955414012739, 4.063694267515924, 4.076433121019108, 4.0891719745222925, 4.101910828025478, 4.114649681528662, 4.127388535031847, 4.140127388535032, 4.1528662420382165, 4.165605095541401, 4.178343949044586, 4.191082802547771, 4.203821656050956, 4.2165605095541405, 4.229299363057325, 4.24203821656051, 4.254777070063694, 4.267515923566879, 4.280254777070064, 4.292993630573249, 4.305732484076433, 4.318471337579617, 4.3312101910828025, 4.343949044585988, 4.356687898089173, 4.369426751592356, 4.382165605095541, 4.3949044585987265, 4.407643312101912, 4.420382165605096, 4.43312101910828, 4.445859872611465, 4.45859872611465, 4.471337579617835, 4.484076433121019, 4.496815286624204, 4.509554140127388, 4.522292993630573, 4.535031847133758, 4.547770700636942, 4.560509554140127, 4.5732484076433115, 4.585987261146497, 4.598726114649681, 4.611464968152866, 4.624203821656051, 4.6369426751592355, 4.64968152866242, 4.662420382165605, 4.67515923566879, 4.687898089171974, 4.7006369426751595, 4.713375796178344, 4.726114649681529, 4.738853503184713, 4.7515923566878975, 4.764331210191083, 4.777070063694268, 4.789808917197452, 4.802547770700636, 4.8152866242038215, 4.828025477707007, 4.840764331210192, 4.853503184713376, 4.86624203821656, 4.8789808917197455, 4.89171974522293, 4.904458598726115, 4.917197452229299, 4.929936305732484, 4.942675159235669, 4.955414012738853, 4.968152866242038, 4.980891719745223, 4.993630573248408, 5.006369426751592, 5.019108280254777, 5.031847133757962, 5.044585987261147, 5.057324840764331, 5.070063694267516, 5.082802547770701, 5.095541401273885, 5.10828025477707, 5.121019108280255, 5.13375796178344, 5.146496815286625, 5.159235668789808, 5.171974522292993, 5.1847133757961785, 5.197452229299363, 5.210191082802548, 5.222929936305732, 5.235668789808917, 5.2484076433121025, 5.261146496815288, 5.273885350318471, 5.286624203821655, 5.2993630573248405, 5.312101910828026, 5.324840764331211, 5.337579617834395, 5.35031847133758, 5.363057324840764, 5.375796178343949, 5.388535031847134, 5.401273885350318, 5.414012738853503, 5.426751592356688, 5.439490445859873, 5.452229299363058, 5.464968152866242, 5.477707006369426, 5.490445859872612, 5.503184713375796, 5.515923566878981, 5.528662420382166, 5.54140127388535, 5.554140127388535, 5.56687898089172, 5.579617834394905, 5.592356687898089, 5.6050955414012735, 5.617834394904459, 5.630573248407642, 5.643312101910827, 5.656050955414012, 5.6687898089171975, 5.681528662420382, 5.694267515923567, 5.707006369426752, 5.719745222929936, 5.7324840764331215, 5.745222929936305, 5.75796178343949, 5.770700636942674, 5.7834394904458595, 5.796178343949045, 5.80891719745223, 5.821656050955414, 5.834394904458599, 5.847133757961784, 5.859872611464968, 5.872611464968153, 5.885350318471337, 5.898089171974522, 5.910828025477707, 5.923566878980892, 5.936305732484077, 5.94904458598726, 5.961783439490445, 5.974522292993631, 5.987261146496816, 6.0]
