Hermiticity check passed!
Symmetry checks passed!
Hermiticity check passed!
Symmetry checks passed!
  (0, 0)	-50.0
  (0, 1)	-0.5
  (1, 0)	-0.5000000000000003
  (1, 1)	-42.0
  (1, 2)	-0.2
  (1, 3)	-0.2
  (1, 8)	-0.2
  (1, 9)	-0.28284271247461906
  (1, 11)	-0.28284271247461906
  (1, 78)	-0.2
  (1, 79)	-0.28284271247461906
  (1, 81)	-0.28284271247461906
  (2, 1)	-0.2
  (2, 2)	-38.0
  (2, 4)	-0.2
  (2, 5)	-0.1
  (2, 10)	-0.2
  (2, 13)	-0.2
  (2, 17)	-0.14142135623730953
  (2, 80)	-0.2
  (2, 83)	-0.2
  (2, 87)	-0.14142135623730953
  (3, 1)	-0.2
  (3, 3)	-34.0
  (3, 4)	-0.1
  :	:
  (170439, 137926)	-0.1
  (170439, 140820)	-0.14142135623730953
  (170439, 140882)	-0.1
  (170439, 142529)	-0.1
  (170439, 143511)	-0.1
  (170439, 147378)	-0.1
  (170439, 147410)	-0.1
  (170439, 147972)	-0.1
  (170439, 148846)	-0.1
  (170439, 160490)	-0.1
  (170439, 160557)	-0.1
  (170439, 166423)	-0.1
  (170439, 166958)	-0.1
  (170439, 167099)	-0.1
  (170439, 169966)	-0.1
  (170439, 169996)	-0.1
  (170439, 170059)	-0.14142135623730953
  (170439, 170060)	-0.1
  (170439, 170077)	-0.1
  (170439, 170109)	-0.1
  (170439, 170183)	-0.1
  (170439, 170189)	-0.14142135623730953
  (170439, 170217)	-0.1
  (170439, 170351)	-0.14142135623730953
  (170439, 170439)	10.0
  (0, 1)	-5.0
  (1, 0)	-5.000000000000002
  (1, 2)	-2.0
  (1, 3)	-2.0
  (1, 8)	-2.0
  (1, 9)	-2.8284271247461903
  (1, 11)	-2.8284271247461903
  (1, 78)	-2.0
  (1, 79)	-2.8284271247461903
  (1, 81)	-2.8284271247461903
  (2, 1)	-2.0
  (2, 4)	-2.0
  (2, 5)	-1.0
  (2, 10)	-2.0
  (2, 13)	-2.0
  (2, 17)	-1.4142135623730951
  (2, 80)	-2.0
  (2, 83)	-2.0
  (2, 87)	-1.4142135623730951
  (3, 1)	-2.0
  (3, 4)	-1.0
  (3, 5)	-2.0
  (3, 12)	-2.0
  (3, 15)	-2.0
  (3, 21)	-1.4142135623730951
  :	:
  (170439, 137900)	-1.0
  (170439, 137926)	-1.0
  (170439, 140820)	-1.4142135623730951
  (170439, 140882)	-1.0
  (170439, 142529)	-1.0
  (170439, 143511)	-1.0
  (170439, 147378)	-1.0
  (170439, 147410)	-1.0
  (170439, 147972)	-1.0
  (170439, 148846)	-1.0
  (170439, 160490)	-1.0
  (170439, 160557)	-1.0
  (170439, 166423)	-1.0
  (170439, 166958)	-1.0
  (170439, 167099)	-1.0
  (170439, 169966)	-1.0
  (170439, 169996)	-1.0
  (170439, 170059)	-1.4142135623730951
  (170439, 170060)	-1.0
  (170439, 170077)	-1.0
  (170439, 170109)	-1.0
  (170439, 170183)	-1.0
  (170439, 170189)	-1.4142135623730951
  (170439, 170217)	-1.0
  (170439, 170351)	-1.4142135623730951
[-50.03125163 -42.03874605]
[[-9.98048256e-01 -6.23294133e-02]
 [-6.23812654e-02  9.92440575e-01]
 [-1.03971484e-03  4.97260134e-02]
 ...
 [ 8.25139017e-18 -2.02072353e-18]
 [ 1.15377956e-18 -1.54315236e-18]
 [-2.83303743e-18 -9.00911976e-18]]
[-25. -21.]
[[ 0.00024414  0.00103941]
 [ 0.0012207   0.00436553]
 [ 0.0012207   0.00387542]
 ...
 [ 0.00244141 -0.0064095 ]
 [ 0.00172633 -0.00375367]
 [ 0.00244141 -0.00761989]]
[[ 0.00024414+0.00000000e+00j  0.0012207 +0.00000000e+00j
   0.0012207 +0.00000000e+00j ...  0.00244141+0.00000000e+00j
   0.00172633+0.00000000e+00j  0.00244141+0.00000000e+00j]
 [ 0.00021144+1.22539312e-04j  0.00110264+5.26124784e-04j
   0.00112272+4.81552492e-04j ...  0.00242458-2.80215661e-04j
   0.00171444-1.98144227e-04j  0.00243405-1.82995684e-04j]
 [ 0.0001219 +2.12658376e-04j  0.00077067+9.51958422e-04j
   0.00084402+8.87030987e-04j ...  0.00237437-5.56313388e-04j
   0.00167893-3.93387381e-04j  0.00241203-3.64777160e-04j]
 ...
 [-0.00015038+1.92625463e-04j -0.00090828+8.59511256e-04j
  -0.00097304+1.00059011e-03j ...  0.00134499+2.40114472e-03j
   0.00071939+1.16744503e-03j -0.00367673+2.86700798e-03j]
 [-0.0002261 +9.09105456e-05j -0.00118165+3.83514890e-04j
  -0.00127213+5.40268719e-04j ...  0.00162005+2.20089977e-03j
   0.0008485 +1.07053185e-03j -0.00342029+3.14870598e-03j]
 [-0.00024102-3.47995777e-05j -0.00122574-1.61021237e-04j
  -0.0013701 +4.53093715e-06j ...  0.00186652+1.96844289e-03j
   0.0009648 +9.58840420e-04j -0.00314116+3.40674056e-03j]]
[1.0, 1.0000000000000009, 0.9999999999999958, 0.9999999999999998, 1.0, 1.000000000000004, 1.000000000000003, 0.9999999999999969, 1.0000000000000013, 0.9999999999999993, 1.0000000000000036, 1.0000000000000009, 1.0000000000000004, 0.9999999999999998, 1.0000000000000022, 0.9999999999999978, 0.9999999999999984, 1.000000000000003, 1.000000000000003, 1.0, 0.9999999999999998, 1.0, 0.9999999999999993, 1.0000000000000027, 0.9999999999999976, 1.0000000000000009, 0.9999999999999987, 1.0000000000000009, 0.9999999999999993, 1.0000000000000013, 1.0000000000000022, 1.0000000000000013, 0.9999999999999982, 0.9999999999999947, 0.9999999999999973, 1.0000000000000036, 1.0000000000000013, 0.9999999999999993, 0.9999999999999964, 0.9999999999999967, 1.0000000000000004, 0.9999999999999998, 1.0000000000000022, 1.0000000000000004, 0.9999999999999993, 1.0000000000000013, 1.000000000000004, 1.000000000000003, 1.0000000000000036, 1.0000000000000044, 1.0000000000000027, 0.9999999999999962, 1.000000000000003, 1.0000000000000013, 0.9999999999999982, 1.0000000000000009, 0.9999999999999998, 0.9999999999999958, 1.0, 1.0000000000000013, 0.9999999999999964, 0.9999999999999982, 0.9999999999999982, 1.0000000000000004, 0.9999999999999982, 1.0000000000000018, 0.9999999999999967, 0.9999999999999996, 1.0000000000000022, 0.9999999999999956, 0.9999999999999962, 1.0000000000000009, 1.0000000000000004, 1.0000000000000027, 1.0000000000000022, 0.9999999999999996, 0.9999999999999978, 1.0000000000000049, 0.9999999999999947, 0.9999999999999973, 1.0000000000000013, 1.0, 1.0000000000000022, 0.9999999999999971, 1.0000000000000036, 0.9999999999999947, 1.000000000000003, 1.0000000000000044, 0.9999999999999958, 0.9999999999999978, 1.0000000000000053, 0.9999999999999987, 1.0000000000000027, 0.9999999999999958, 0.999999999999996, 0.9999999999999989, 1.0, 1.0000000000000027, 1.0000000000000009, 0.9999999999999993, 0.9999999999999996, 1.0, 0.9999999999999993, 1.0, 1.0000000000000018, 0.9999999999999971, 1.0000000000000009, 0.9999999999999991, 1.0000000000000027, 0.9999999999999996, 0.9999999999999953, 0.9999999999999996, 1.0, 1.0, 0.9999999999999962, 1.0000000000000013, 1.0000000000000018, 1.000000000000003, 1.0000000000000027, 0.9999999999999998, 0.999999999999998, 1.0000000000000022, 0.9999999999999987, 0.9999999999999989, 0.9999999999999958, 1.0, 1.0, 1.0000000000000009, 0.9999999999999987, 0.9999999999999989, 0.999999999999998, 0.9999999999999976, 1.0000000000000044, 1.0000000000000009, 1.0000000000000013, 1.0000000000000013, 0.999999999999998, 0.9999999999999989, 1.0000000000000004, 0.9999999999999971, 0.9999999999999996, 1.0000000000000013, 0.999999999999998, 1.0000000000000004, 0.9999999999999987, 1.0000000000000013, 1.0000000000000036, 1.000000000000004, 0.999999999999996, 1.0000000000000009, 1.0000000000000004, 1.0000000000000027, 1.0000000000000009, 1.000000000000004, 0.9999999999999971, 1.0000000000000004, 0.9999999999999976, 1.0000000000000018, 1.0000000000000013, 0.9999999999999953, 0.9999999999999993, 1.0000000000000022, 0.9999999999999962, 0.9999999999999958, 1.0000000000000018, 1.0000000000000004, 1.0000000000000013, 1.0000000000000027, 1.0000000000000009, 1.0000000000000013, 0.9999999999999978, 1.000000000000004, 0.999999999999996, 1.000000000000004, 1.0000000000000018, 1.0000000000000004, 0.9999999999999962, 0.9999999999999989, 0.9999999999999991, 1.0, 1.0000000000000036, 0.9999999999999998, 0.9999999999999982, 0.9999999999999996, 1.0000000000000018, 0.9999999999999976, 0.9999999999999982, 1.0000000000000009, 1.0000000000000013, 0.9999999999999996, 0.9999999999999978, 0.9999999999999987, 1.0000000000000013, 1.0000000000000022, 1.0000000000000022, 0.9999999999999993, 0.9999999999999993, 0.9999999999999991, 1.0000000000000013, 0.9999999999999998, 1.0000000000000004, 0.9999999999999967, 1.000000000000004, 0.9999999999999949, 0.9999999999999987, 0.9999999999999998, 1.0000000000000013, 1.0000000000000018, 0.9999999999999984, 0.9999999999999984, 0.9999999999999987, 0.9999999999999936, 0.9999999999999996, 0.9999999999999987, 0.999999999999994, 1.0000000000000009, 1.000000000000003, 1.0000000000000004, 0.9999999999999984, 1.0000000000000004, 1.000000000000003, 0.9999999999999978, 1.0000000000000013, 1.0000000000000013, 1.0000000000000009, 1.0000000000000009, 0.9999999999999971, 1.0000000000000004, 0.9999999999999973, 0.9999999999999947, 1.0000000000000027, 1.0000000000000049, 1.0000000000000018, 0.999999999999994, 0.9999999999999991, 1.0000000000000004, 0.9999999999999989, 0.9999999999999993, 1.000000000000003, 0.9999999999999973, 0.9999999999999984, 0.9999999999999984, 1.0000000000000044, 0.9999999999999989, 0.9999999999999973, 0.9999999999999978, 0.9999999999999964, 0.999999999999998, 0.9999999999999973, 1.0000000000000004, 1.0000000000000013, 1.0000000000000013, 0.9999999999999993, 0.9999999999999989, 1.0000000000000013, 0.9999999999999976, 1.0000000000000018, 0.9999999999999956, 1.0000000000000022, 0.9999999999999958, 1.0000000000000013, 0.9999999999999984, 1.0000000000000009, 0.9999999999999976, 1.0000000000000027, 1.0000000000000018, 0.9999999999999993, 0.9999999999999951, 1.0000000000000018, 0.9999999999999989, 1.0000000000000009, 1.0, 0.9999999999999991, 1.0000000000000013, 0.9999999999999996, 0.9999999999999991, 0.9999999999999951, 0.9999999999999991, 0.9999999999999984, 0.9999999999999971, 1.0000000000000022, 0.9999999999999987, 1.0000000000000004, 0.9999999999999989, 1.0000000000000004, 0.9999999999999993, 1.0000000000000022, 0.9999999999999998, 0.9999999999999996, 1.0, 1.0000000000000013, 1.0000000000000009, 1.0000000000000018, 0.9999999999999971, 0.9999999999999982, 1.0000000000000049, 0.9999999999999998, 0.9999999999999984, 1.000000000000003, 1.0000000000000018, 1.0000000000000018, 1.0000000000000004, 0.9999999999999987, 0.9999999999999982, 0.9999999999999976, 1.0000000000000004, 0.9999999999999987, 0.9999999999999973, 1.0000000000000009, 1.0000000000000009, 0.9999999999999991, 1.0000000000000018, 0.9999999999999976, 1.0000000000000027, 1.0000000000000013, 1.0000000000000013, 1.0000000000000009, 0.9999999999999949, 0.9999999999999962, 1.0000000000000009, 0.9999999999999971, 0.9999999999999989, 0.9999999999999971, 0.9999999999999987, 1.000000000000003, 0.9999999999999973, 0.9999999999999976, 1.0000000000000004, 0.9999999999999987, 0.9999999999999993, 0.9999999999999987, 0.9999999999999989, 1.0000000000000009, 1.0000000000000022, 0.9999999999999976, 1.0000000000000004, 0.9999999999999991, 0.9999999999999973, 0.9999999999999978, 0.9999999999999996, 1.0000000000000027, 0.9999999999999993, 1.0, 0.9999999999999993, 1.0000000000000013, 1.0000000000000018, 0.999999999999996, 0.999999999999996, 0.9999999999999973, 0.9999999999999991, 0.9999999999999993, 0.9999999999999947, 1.0000000000000009, 1.0000000000000013, 0.9999999999999976, 0.9999999999999991, 0.9999999999999958, 1.000000000000003, 0.9999999999999996, 0.9999999999999956, 1.0000000000000009, 0.9999999999999996, 1.0000000000000018, 1.000000000000004, 0.9999999999999987, 1.000000000000004, 1.0000000000000027, 1.0000000000000004, 0.9999999999999991, 1.000000000000003, 1.0000000000000013, 0.9999999999999989, 1.0000000000000013, 0.9999999999999987, 0.9999999999999984, 0.999999999999998, 1.0000000000000013, 1.0000000000000009, 1.0000000000000018, 1.0000000000000009, 0.9999999999999951, 0.9999999999999978, 1.0000000000000036, 0.9999999999999993, 1.0000000000000009, 0.9999999999999989, 0.9999999999999996, 0.9999999999999989, 0.9999999999999989, 1.0000000000000022, 0.9999999999999993, 1.000000000000004, 1.0000000000000009, 0.9999999999999998, 0.9999999999999998, 0.9999999999999978, 0.9999999999999993, 0.9999999999999996, 1.0000000000000009, 1.0000000000000022, 0.9999999999999967, 0.9999999999999987, 1.0000000000000009, 0.9999999999999962, 1.0000000000000022, 1.0000000000000018, 0.9999999999999973, 1.0000000000000009, 0.9999999999999998, 0.9999999999999949, 0.9999999999999987, 0.9999999999999971, 1.0000000000000004, 1.0000000000000018, 1.0000000000000004, 0.9999999999999982, 0.9999999999999989, 0.9999999999999962, 0.9999999999999978, 1.0000000000000004, 0.9999999999999998, 0.9999999999999969, 0.9999999999999944, 0.9999999999999964, 1.0000000000000004, 0.9999999999999969, 0.9999999999999984, 1.0000000000000013, 0.9999999999999967, 1.0000000000000009, 0.9999999999999978, 0.9999999999999987, 0.9999999999999964, 1.000000000000003, 1.0000000000000004, 0.9999999999999998, 0.999999999999996, 1.0000000000000004, 1.0000000000000018, 1.0000000000000013, 0.9999999999999989, 1.0000000000000013, 1.000000000000003, 0.999999999999998, 0.9999999999999993, 1.0000000000000004, 0.9999999999999982, 0.9999999999999998, 0.9999999999999962, 1.0000000000000022, 0.9999999999999982, 1.0000000000000022, 0.9999999999999987, 0.9999999999999998, 1.0000000000000009, 0.9999999999999982, 1.0000000000000022, 1.0000000000000022, 0.9999999999999969, 0.9999999999999991, 0.9999999999999978, 1.0000000000000022, 0.9999999999999987, 1.0000000000000009, 0.9999999999999991, 0.9999999999999976, 0.9999999999999973, 1.0000000000000013, 0.9999999999999998, 0.9999999999999993, 0.999999999999996, 0.9999999999999951]
[-2.5, -2.500000000000003, -2.500000000000042, -2.5000000000000084, -2.5000000000000027, -2.4999999999999787, -2.499999999999992, -2.500000000000005, -2.5, -2.499999999999993, -2.499999999999994, -2.499999999999992, -2.499999999999983, -2.500000000000015, -2.4999999999999964, -2.5000000000000027, -2.5000000000000107, -2.49999999999999, -2.500000000000007, -2.499999999999991, -2.5000000000000138, -2.5000000000000098, -2.499999999999993, -2.500000000000002, -2.5000000000000018, -2.5000000000000093, -2.4999999999999987, -2.4999999999999925, -2.5000000000000075, -2.499999999999965, -2.4999999999999987, -2.4999999999999964, -2.499999999999993, -2.499999999999994, -2.5000000000000075, -2.4999999999999765, -2.4999999999999982, -2.5000000000000093, -2.5000000000000098, -2.500000000000012, -2.499999999999994, -2.5000000000000093, -2.5000000000000333, -2.5000000000000138, -2.500000000000001, -2.5000000000000098, -2.49999999999999, -2.4999999999999916, -2.499999999999993, -2.5000000000000107, -2.4999999999999747, -2.5000000000000084, -2.499999999999997, -2.5000000000000173, -2.499999999999998, -2.5000000000000044, -2.5000000000000107, -2.500000000000016, -2.5000000000000124, -2.499999999999995, -2.5000000000000147, -2.500000000000018, -2.499999999999999, -2.4999999999999956, -2.5000000000000138, -2.499999999999994, -2.500000000000019, -2.4999999999999862, -2.5000000000000298, -2.50000000000001, -2.500000000000003, -2.5000000000000138, -2.4999999999999902, -2.499999999999987, -2.4999999999999893, -2.4999999999999885, -2.499999999999994, -2.499999999999982, -2.5000000000000187, -2.5000000000000138, -2.499999999999994, -2.4999999999999885, -2.500000000000004, -2.5000000000000147, -2.4999999999999654, -2.4999999999999916, -2.4999999999999756, -2.4999999999999747, -2.4999999999999916, -2.4999999999999973, -2.499999999999973, -2.49999999999999, -2.4999999999999947, -2.500000000000017, -2.5000000000000018, -2.4999999999999862, -2.499999999999999, -2.4999999999999982, -2.5000000000000053, -2.5000000000000147, -2.500000000000001, -2.5000000000000053, -2.4999999999999956, -2.499999999999999, -2.499999999999996, -2.500000000000007, -2.4999999999999836, -2.499999999999997, -2.4999999999999676, -2.5000000000000155, -2.4999999999999956, -2.500000000000001, -2.4999999999999973, -2.499999999999989, -2.4999999999999862, -2.499999999999985, -2.5000000000000124, -2.499999999999982, -2.499999999999998, -2.499999999999982, -2.5000000000000075, -2.499999999999991, -2.4999999999999996, -2.499999999999996, -2.500000000000016, -2.5000000000000084, -2.4999999999999862, -2.4999999999999947, -2.5000000000000218, -2.499999999999993, -2.5000000000000027, -2.5000000000000107, -2.5000000000000004, -2.499999999999995, -2.499999999999996, -2.499999999999987, -2.499999999999998, -2.500000000000008, -2.4999999999999902, -2.500000000000008, -2.50000000000001, -2.4999999999999964, -2.500000000000006, -2.50000000000001, -2.4999999999999862, -2.5000000000000027, -2.4999999999999694, -2.499999999999959, -2.5000000000000187, -2.4999999999999756, -2.5000000000000013, -2.49999999999999, -2.499999999999992, -2.499999999999984, -2.5000000000000306, -2.500000000000012, -2.500000000000006, -2.4999999999999867, -2.4999999999999676, -2.4999999999999982, -2.5000000000000018, -2.499999999999993, -2.5000000000000235, -2.4999999999999876, -2.499999999999999, -2.5000000000000115, -2.500000000000014, -2.499999999999964, -2.4999999999999827, -2.4999999999999982, -2.499999999999997, -2.4999999999999805, -2.500000000000012, -2.4999999999999933, -2.4999999999999982, -2.500000000000004, -2.5000000000000218, -2.500000000000003, -2.5000000000000044, -2.5000000000000067, -2.499999999999998, -2.500000000000003, -2.500000000000014, -2.499999999999994, -2.4999999999999893, -2.5000000000000213, -2.50000000000004, -2.5000000000000013, -2.4999999999999862, -2.5000000000000018, -2.49999999999999, -2.4999999999999956, -2.5000000000000018, -2.4999999999999774, -2.4999999999999845, -2.4999999999999956, -2.4999999999999796, -2.500000000000004, -2.4999999999999996, -2.500000000000003, -2.4999999999999964, -2.4999999999999982, -2.499999999999974, -2.5000000000000115, -2.499999999999987, -2.5000000000000093, -2.5000000000000133, -2.499999999999986, -2.500000000000004, -2.500000000000002, -2.500000000000019, -2.500000000000025, -2.499999999999993, -2.5000000000000178, -2.500000000000008, -2.5000000000000178, -2.5000000000000107, -2.4999999999999902, -2.4999999999999964, -2.500000000000029, -2.5000000000000018, -2.5000000000000036, -2.500000000000001, -2.500000000000001, -2.4999999999999925, -2.5000000000000133, -2.5000000000000058, -2.500000000000004, -2.500000000000019, -2.500000000000017, -2.499999999999985, -2.499999999999993, -2.500000000000015, -2.5000000000000204, -2.5000000000000053, -2.500000000000002, -2.4999999999999893, -2.5000000000000044, -2.4999999999999925, -2.500000000000023, -2.5000000000000084, -2.5000000000000053, -2.4999999999999942, -2.499999999999999, -2.499999999999997, -2.500000000000018, -2.500000000000021, -2.4999999999999947, -2.500000000000012, -2.499999999999994, -2.4999999999999964, -2.5000000000000053, -2.4999999999999876, -2.5000000000000124, -2.5, -2.4999999999999982, -2.5, -2.5000000000000067, -2.499999999999982, -2.50000000000001, -2.500000000000014, -2.5000000000000067, -2.499999999999997, -2.500000000000025, -2.5000000000000004, -2.4999999999999956, -2.5000000000000027, -2.5000000000000155, -2.499999999999991, -2.5000000000000058, -2.5000000000000067, -2.500000000000003, -2.4999999999999987, -2.4999999999999827, -2.5000000000000084, -2.500000000000003, -2.499999999999988, -2.49999999999998, -2.499999999999997, -2.5000000000000098, -2.4999999999999964, -2.5000000000000187, -2.5000000000000133, -2.5000000000000004, -2.4999999999999876, -2.4999999999999853, -2.4999999999999787, -2.499999999999986, -2.499999999999993, -2.499999999999999, -2.5000000000000004, -2.4999999999999902, -2.4999999999999947, -2.5000000000000115, -2.500000000000001, -2.499999999999991, -2.5000000000000075, -2.500000000000018, -2.499999999999993, -2.4999999999999756, -2.4999999999999947, -2.5000000000000058, -2.4999999999999907, -2.5000000000000044, -2.5000000000000058, -2.4999999999999813, -2.5000000000000218, -2.499999999999977, -2.500000000000002, -2.499999999999995, -2.5000000000000187, -2.499999999999985, -2.5, -2.4999999999999987, -2.5000000000000053, -2.4999999999999694, -2.500000000000006, -2.499999999999998, -2.5000000000000013, -2.4999999999999907, -2.5000000000000053, -2.500000000000023, -2.5000000000000098, -2.500000000000024, -2.500000000000004, -2.5000000000000093, -2.5000000000000124, -2.5000000000000093, -2.499999999999982, -2.499999999999997, -2.500000000000006, -2.499999999999995, -2.500000000000004, -2.499999999999997, -2.499999999999986, -2.5000000000000133, -2.500000000000004, -2.500000000000004, -2.500000000000023, -2.4999999999999973, -2.499999999999996, -2.4999999999999956, -2.499999999999999, -2.4999999999999916, -2.499999999999993, -2.499999999999994, -2.5000000000000173, -2.5000000000000044, -2.499999999999993, -2.5000000000000036, -2.4999999999999964, -2.499999999999999, -2.5000000000000004, -2.4999999999999982, -2.5000000000000027, -2.500000000000019, -2.4999999999999973, -2.499999999999997, -2.499999999999986, -2.499999999999995, -2.50000000000001, -2.4999999999999996, -2.5000000000000084, -2.4999999999999902, -2.500000000000005, -2.500000000000006, -2.499999999999984, -2.499999999999998, -2.499999999999988, -2.4999999999999947, -2.5000000000000084, -2.500000000000007, -2.499999999999982, -2.500000000000014, -2.5000000000000244, -2.5000000000000155, -2.4999999999999907, -2.4999999999999907, -2.5000000000000036, -2.4999999999999916, -2.4999999999999982, -2.4999999999999956, -2.499999999999996, -2.500000000000007, -2.4999999999999862, -2.5000000000000187, -2.4999999999999876, -2.4999999999999822, -2.499999999999986, -2.499999999999997, -2.499999999999985, -2.499999999999997, -2.499999999999995, -2.5000000000000138, -2.499999999999987, -2.500000000000013, -2.500000000000002, -2.4999999999999982, -2.499999999999986, -2.4999999999999947, -2.5000000000000058, -2.5000000000000147, -2.4999999999999996, -2.50000000000001, -2.4999999999999973, -2.4999999999999956, -2.5000000000000173, -2.5000000000000053, -2.4999999999999787, -2.500000000000004, -2.5000000000000098, -2.499999999999994, -2.4999999999999956, -2.4999999999999822, -2.4999999999999742, -2.500000000000024, -2.4999999999999947, -2.5000000000000093, -2.500000000000002, -2.500000000000013, -2.4999999999999933, -2.4999999999999867, -2.5000000000000306, -2.500000000000013, -2.4999999999999996, -2.5000000000000124, -2.5000000000000075, -2.4999999999999774, -2.4999999999999925, -2.5000000000000084, -2.499999999999999, -2.499999999999987, -2.5000000000000115, -2.4999999999999956, -2.4999999999999996, -2.499999999999972, -2.500000000000007, -2.4999999999999902, -2.5000000000000036, -2.500000000000007, -2.499999999999998, -2.4999999999999982, -2.5, -2.4999999999999907, -2.499999999999992, -2.4999999999999707, -2.500000000000014, -2.499999999999998, -2.5000000000000133, -2.499999999999999, -2.5, -2.5000000000000004, -2.499999999999996, -2.499999999999992, -2.4999999999999956, -2.5000000000000053, -2.5000000000000155, -2.5000000000000084, -2.500000000000017, -2.5000000000000018, -2.500000000000011, -2.499999999999996, -2.500000000000017, -2.5000000000000067, -2.5000000000000138, -2.4999999999999956, -2.500000000000015, -2.5000000000000044, -2.4999999999999933, -2.500000000000009, -2.5, -2.500000000000005]
[1.0, 0.9991994564788312, 0.9968010422955293, 0.992814388951686, 0.9872554902635801, 0.9801466147181067, 0.9715161835397129, 0.9613986152303601, 0.949834137553883, 0.9368685681380939, 0.9225530650625111, 0.9069438489850152, 0.8901018985350945, 0.8720926208649981, 0.8529854994003203, 0.8328537209688669, 0.8117737846087981, 0.7898250944650593, 0.7670895392738514, 0.7436510610107752, 0.7195952153363208, 0.6950087265139132, 0.6699790394997422, 0.6445938719106213, 0.6189407685656332, 0.59310666126986, 0.5671774364644695, 0.5412375133065703, 0.5153694346659381, 0.48965347343372945, 0.4641672564318508, 0.43898540809126985, 0.414179215933951, 0.3898163197476122, 0.36596042618550273, 0.34267105035653667, 0.32000328579489234, 0.2980076040142331, 0.27672968466078063, 0.25621027708307975, 0.2364850939353651, 0.21758473722749955, 0.19953465702852852, 0.18235514282433143, 0.16606134732385944, 0.15066334230439152, 0.13616620588511355, 0.12257014042157541, 0.10987062002227913, 0.0980585665039443, 0.08712055242502, 0.07703902966888593, 0.06779258188983933, 0.05935619898747791, 0.05170157163924989, 0.04479740379776657, 0.03860974094955059, 0.033102311836067204, 0.02823688125675118, 0.023973611507765388, 0.020271429959975357, 0.017088400245360624, 0.014382094503128955, 0.012109964135287072, 0.010229706536435512, 0.008699625294035116, 0.007478981403208128, 0.00652833310402523, 0.005809862028835775, 0.005287683442061621, 0.004928138464419802, 0.004700066297108531, 0.004575054598302308, 0.004527666313510471, 0.004535641421995394, 0.004580072232491716, 0.004645551041807494, 0.004720289158335071, 0.0047962064878111195, 0.004868991079547324, 0.004938128236452173, 0.0050068990001279, 0.005082348031707362, 0.005175221118536865, 0.005299872744832846, 0.00547414436966599, 0.005719214256648013, 0.006059419895132379, 0.0065220542412768034, 0.007137137187647462, 0.007937163840967798, 0.008956831347934112, 0.01023274615768679, 0.0118031137455019, 0.01370741294465329, 0.01598605714137171, 0.018680044680661336, 0.02183060090783062, 0.02547881433143261, 0.029665269437503427, 0.03442967871226836, 0.03981051644066396, 0.04584465684108809, 0.05256701907277155, 0.06001022161127494, 0.06820424843011505, 0.07717612935284461, 0.08694963685053576, 0.09754500145514554, 0.10897864784042115, 0.1212629534895455, 0.13440603172359034, 0.14841154070796356, 0.16327851988633543, 0.17900125511438056, 0.19556917357980627, 0.2129667694022452, 0.23117356060744718, 0.2501640779665295, 0.2699078859837814, 0.29036963610732436, 0.31150915202681884, 0.33328154671317206, 0.3556373706476505, 0.37852279048381576, 0.4018797971862396, 0.42564644249640815, 0.4497571023899352, 0.47414276601136474, 0.49873134840443256, 0.5234480251981417, 0.5482155872631244, 0.5729548132194965, 0.5975848575581011, 0.6220236520315763, 0.6461883178820834, 0.6699955863978799, 0.6933622252332721, 0.7162054678850069, 0.7384434436938873, 0.7599956057332085, 0.7807831539558627, 0.8007294509988715, 0.8197604280888158, 0.8378049785523154, 0.8547953365132175, 0.8706674384513207, 0.885361265405744, 0.8988211637289454, 0.9109961424337369, 0.9218401453248236, 0.9313122962669482, 0.9393771161134035, 0.9460047099986424, 0.9511709238882109, 0.9548574694740887, 0.9570520167050154, 0.9577482534458512, 0.956945911968278, 0.9546507621835271, 0.9508745717367423, 0.9456350332896837, 0.9389556595221339, 0.93086564658259, 0.9213997069122379, 0.9105978725534334, 0.8985052702325734, 0.8851718696768606, 0.8706522067831713, 0.8550050834053765, 0.8382932456615457, 0.820583042784965, 0.8019440686517201, 0.7824487882116596, 0.7621721511294507, 0.7411911950065163, 0.7195846406037917, 0.697432481518575, 0.674815570786498, 0.651815206881678, 0.6285127215749816, 0.604989072081813, 0.5813244398874156, 0.5575978385801653, 0.5338867329515087, 0.5102666715364066, 0.4868109346704278, 0.46359020003034757, 0.4406722275041468, 0.41812156510563886, 0.39599927750835934, 0.3743626986246263, 0.3532652094991098, 0.3327560426233187, 0.31288011360889145, 0.2936778809844013, 0.2751852347038758, 0.2574334137761403, 0.24044895324365162, 0.22425366055863388, 0.20886462122414706, 0.19429423338922866, 0.18055027091138798, 0.16763597422761248, 0.15555016820746956, 0.14428740599999534, 0.13383813773047928, 0.12418890275519874, 0.11532254404212056, 0.10721844311462052, 0.09985277387398162, 0.09319877350555872, 0.08722702857371357, 0.08190577432248249, 0.07720120512298, 0.07307779394528653, 0.06949861868235475, 0.0664256931166604, 0.06382030029723088, 0.06164332608542703, 0.05985559063257607, 0.05841817557132033, 0.05729274473525, 0.056441856267953804, 0.05582926404276727, 0.05542020638802167, 0.055181680198978525, 0.05508269861653131, 0.05509453056352027, 0.05519092055153292, 0.055348287303654035, 0.05554589988094087, 0.05576603015158896, 0.05599408060092876, 0.056218686646443014, 0.05643179279400888, 0.056628702148274555, 0.056808098970532725, 0.05697204416023149, 0.05712594372036584, 0.05727849045106198, 0.0574415792984968, 0.05763019696664343, 0.05786228657600305, 0.05815858832515162, 0.058542457276547735, 0.05903965954635677, 0.05967814832796181, 0.060487821319339524, 0.0615002612545235, 0.06274846135809739, 0.06426653764814078, 0.06608943010659803, 0.06825259481592821, 0.07079168922657438, 0.07374225277075336, 0.07713938507398412, 0.08101742403632083, 0.08540962606028481, 0.0903478506920095, 0.09586225191604303, 0.10198097830293235, 0.10872988415223067, 0.11613225370249525, 0.12420854039446459, 0.13297612307468276, 0.14244908091489214, 0.15263798869843956, 0.16354973398951614, 0.17518735755518489, 0.18754991825491618, 0.2006323834488037, 0.21442554580476855, 0.22891596720825813, 0.2440859502962695, 0.2599135379522176, 0.2763725409106596, 0.2934325934321774, 0.31105923682047937, 0.3292140303668857, 0.3478546891234357, 0.3669352477259827, 0.3864062493140156, 0.4062149584259658, 0.4263055965882549, 0.44661959916483085, 0.4670958918918455, 0.4876711853912755, 0.5082802858374929, 0.528856419844, 0.549331571543443, 0.5696368297540156, 0.5897027430594528, 0.60945968057886, 0.6288381961664399, 0.6477693937605911, 0.6661852915963581, 0.6840191830051516, 0.7012059915511308, 0.7176826182936135, 0.7333882790200467, 0.7482648293631792, 0.7622570757991118, 0.7753130706188628, 0.7873843890744493, 0.7984263870205449, 0.8083984375031682, 0.8172641448873016, 0.8249915352640681, 0.8315532220348194, 0.8369265457320888, 0.8410936873058481, 0.844041754275536, 0.8457628393233929, 0.8462540510815256, 0.8455175170418293, 0.843560358694457, 0.8403946391744915, 0.8360372838675292, 0.8305099745915276, 0.8238390181334394, 0.8160551900739472, 0.8071935549810431, 0.7972932641919839, 0.786397332533317, 0.7745523954483404, 0.7618084481109096, 0.7482185682027569, 0.7338386241178739, 0.7187269704321576, 0.7029441325386914, 0.6865524823983508, 0.6696159073924443, 0.6521994742879339, 0.6343690903371031, 0.6161911635320836, 0.5977322640209478, 0.5790587886658313, 0.5602366306860282, 0.5413308562795731, 0.5224053900566772, 0.5035227110478688, 0.484743560969151, 0.4661266663370154, 0.4477284759276944, 0.4296029149692414, 0.41180115734165457, 0.39437141694076394, 0.37735875923640355, 0.3608049339253689, 0.34474822944558076, 0.32922334998064834, 0.314261315444277, 0.29988938479259103, 0.2861310028702689, 0.2730057708542244, 0.2605294402169285, 0.24871392999157893, 0.23756736698349126, 0.22709414843727024, 0.2172950265382455, 0.2081672139998377, 0.19970450986677973, 0.19189744454804192, 0.18473344298348632, 0.1781970047451869, 0.17226989977886656, 0.1669313784029761, 0.1621583941036978, 0.15792583759342693, 0.15420678053887055, 0.1509727273129888, 0.1481938730828688, 0.14583936651362228, 0.14387757534661413, 0.14227635309911194, 0.1410033051315958, 0.1400260523389263, 0.1393124907418902, 0.13883104528672083, 0.13855091620144602, 0.13844231630955472, 0.13847669776297347, 0.13862696672756514, 0.13886768463482427, 0.1391752547028352, 0.13952809252724402, 0.1399067796485705, 0.14029419911495902, 0.14067565217881195, 0.1410389553909482, 0.14137451748622268, 0.1416753955891793, 0.14193733040633114, 0.1421587602123751, 0.14234081357994996, 0.14248728094568314, 0.1426045652482255, 0.14270161201571108, 0.1427898194198925, 0.14288292895079108, 0.1429968974984642, 0.14314975175626402, 0.14336142598193377, 0.14365358426823674, 0.1440494285826055, 0.14457349393481927, 0.14525143212225702, 0.14610978558305848, 0.14717575295806876, 0.14847694802212355, 0.15004115369361948, 0.15189607286796133, 0.15406907784527235, 0.1565869601351434, 0.1594756824214033, 0.16276013445765639, 0.16646389463974928, 0.1706089989645648, 0.17521571903584518, 0.18030235071732065, 0.1858850149618537, 0.19197747226289827, 0.1985909520820136, 0.20573399850410362, 0.21341233326106562, 0.22162873714560952, 0.2303829507108276, 0.23967159501858212, 0.2494881130620235, 0.25982273234528697, 0.2706624489578941, 0.28199103333355446, 0.2937890577338972, 0.3060339453484811, 0.3187000407539122, 0.33175870132864466, 0.3451784090764495, 0.35892490217230316, 0.3729613254099419, 0.3872483986020634, 0.4017446018625998, 0.41640637658672147, 0.4311883408390122, 0.4460435177643181, 0.4609235755497068, 0.47577907739043235, 0.490559739848225, 0.5052146979372036, 0.5196927752311747, 0.533942757256868, 0.5479136664201198, 0.5615550367073279, 0.5748171864111227, 0.5876514871486875, 0.6000106274718326, 0.6118488694103693, 0.6231222963440444, 0.6337890506621738, 0.6438095597446931, 0.6531467488820312, 0.6617662398437001, 0.6696365339064654, 0.6767291782606049, 0.6830189148275252, 0.6884838106416734, 0.6931053690746977, 0.6968686213079404, 0.699762197590777, 0.7017783779552111, 0.7029131221912271, 0.7031660790213101]
[0.0, 0.012738853503184714, 0.025477707006369428, 0.03821656050955414, 0.050955414012738856, 0.06369426751592357, 0.07643312101910828, 0.089171974522293, 0.10191082802547771, 0.11464968152866242, 0.12738853503184713, 0.14012738853503184, 0.15286624203821655, 0.16560509554140126, 0.178343949044586, 0.1910828025477707, 0.20382165605095542, 0.21656050955414013, 0.22929936305732485, 0.24203821656050953, 0.25477707006369427, 0.267515923566879, 0.2802547770700637, 0.2929936305732484, 0.3057324840764331, 0.3184713375796178, 0.33121019108280253, 0.34394904458598724, 0.356687898089172, 0.36942675159235666, 0.3821656050955414, 0.3949044585987261, 0.40764331210191085, 0.42038216560509556, 0.43312101910828027, 0.445859872611465, 0.4585987261146497, 0.47133757961783446, 0.48407643312101906, 0.4968152866242039, 0.5095541401273885, 0.5222929936305732, 0.535031847133758, 0.5477707006369427, 0.5605095541401274, 0.5732484076433121, 0.5859872611464968, 0.5987261146496815, 0.6114649681528662, 0.624203821656051, 0.6369426751592356, 0.6496815286624203, 0.6624203821656051, 0.6751592356687898, 0.6878980891719745, 0.7006369426751592, 0.713375796178344, 0.7261146496815287, 0.7388535031847133, 0.7515923566878981, 0.7643312101910829, 0.7770700636942676, 0.7898089171974522, 0.802547770700637, 0.8152866242038217, 0.8280254777070064, 0.8407643312101911, 0.8535031847133758, 0.8662420382165605, 0.8789808917197452, 0.89171974522293, 0.9044585987261147, 0.9171974522292994, 0.9299363057324842, 0.9426751592356689, 0.9554140127388534, 0.9681528662420381, 0.980891719745223, 0.9936305732484078, 1.0063694267515924, 1.019108280254777, 1.0318471337579618, 1.0445859872611465, 1.0573248407643312, 1.070063694267516, 1.0828025477707006, 1.0955414012738853, 1.10828025477707, 1.1210191082802548, 1.1337579617834395, 1.1464968152866242, 1.1592356687898089, 1.1719745222929936, 1.1847133757961783, 1.197452229299363, 1.210191082802548, 1.2229299363057324, 1.2356687898089171, 1.248407643312102, 1.2611464968152868, 1.2738853503184713, 1.2866242038216562, 1.2993630573248407, 1.3121019108280256, 1.3248407643312101, 1.337579617834395, 1.3503184713375795, 1.3630573248407645, 1.375796178343949, 1.3885350318471337, 1.4012738853503184, 1.414012738853503, 1.426751592356688, 1.4394904458598725, 1.4522292993630574, 1.464968152866242, 1.4777070063694266, 1.4904458598726114, 1.5031847133757963, 1.5159235668789808, 1.5286624203821657, 1.5414012738853506, 1.5541401273885351, 1.5668789808917196, 1.5796178343949043, 1.592356687898089, 1.605095541401274, 1.6178343949044585, 1.6305732484076434, 1.643312101910828, 1.6560509554140128, 1.6687898089171975, 1.6815286624203822, 1.6942675159235667, 1.7070063694267517, 1.7197452229299361, 1.732484076433121, 1.7452229299363058, 1.7579617834394905, 1.7707006369426752, 1.78343949044586, 1.7961783439490444, 1.8089171974522293, 1.821656050955414, 1.8343949044585988, 1.8471337579617835, 1.8598726114649684, 1.872611464968153, 1.8853503184713378, 1.898089171974522, 1.9108280254777068, 1.9235668789808917, 1.9363057324840762, 1.9490445859872612, 1.961783439490446, 1.9745222929936306, 1.9872611464968155, 2.0, 2.0127388535031847, 2.0254777070063694, 2.038216560509554, 2.050955414012739, 2.0636942675159236, 2.0764331210191083, 2.089171974522293, 2.101910828025478, 2.1146496815286624, 2.127388535031847, 2.140127388535032, 2.1528662420382165, 2.1656050955414012, 2.1783439490445864, 2.1910828025477707, 2.203821656050956, 2.21656050955414, 2.229299363057325, 2.2420382165605095, 2.254777070063694, 2.267515923566879, 2.2802547770700636, 2.2929936305732483, 2.305732484076433, 2.3184713375796178, 2.3312101910828025, 2.343949044585987, 2.356687898089172, 2.3694267515923566, 2.3821656050955413, 2.394904458598726, 2.4076433121019107, 2.420382165605096, 2.43312101910828, 2.445859872611465, 2.4585987261146496, 2.4713375796178343, 2.484076433121019, 2.496815286624204, 2.5095541401273884, 2.5222929936305736, 2.535031847133758, 2.5477707006369426, 2.5605095541401277, 2.5732484076433124, 2.5859872611464967, 2.5987261146496814, 2.611464968152866, 2.6242038216560513, 2.6369426751592355, 2.6496815286624202, 2.6624203821656054, 2.67515923566879, 2.6878980891719744, 2.700636942675159, 2.713375796178344, 2.726114649681529, 2.738853503184713, 2.751592356687898, 2.764331210191083, 2.7770700636942673, 2.7898089171974525, 2.8025477707006368, 2.815286624203821, 2.828025477707006, 2.840764331210191, 2.853503184713376, 2.8662420382165608, 2.878980891719745, 2.8917197452229297, 2.904458598726115, 2.9171974522292996, 2.929936305732484, 2.9426751592356686, 2.9554140127388533, 2.9681528662420384, 2.9808917197452227, 2.993630573248408, 3.0063694267515926, 3.0191082802547764, 3.0318471337579616, 3.0445859872611463, 3.0573248407643314, 3.070063694267516, 3.0828025477707013, 3.095541401273885, 3.1082802547770703, 3.121019108280255, 3.1337579617834392, 3.1464968152866244, 3.1592356687898087, 3.171974522292994, 3.184713375796178, 3.1974522292993632, 3.210191082802548, 3.222929936305733, 3.235668789808917, 3.2484076433121016, 3.261146496815287, 3.273885350318471, 3.286624203821656, 3.2993630573248405, 3.3121019108280256, 3.32484076433121, 3.337579617834395, 3.3503184713375798, 3.3630573248407645, 3.3757961783439487, 3.3885350318471334, 3.4012738853503186, 3.4140127388535033, 3.4267515923566885, 3.4394904458598723, 3.452229299363057, 3.464968152866242, 3.4777070063694264, 3.4904458598726116, 3.5031847133757963, 3.515923566878981, 3.5286624203821653, 3.5414012738853504, 3.554140127388535, 3.56687898089172, 3.579617834394905, 3.592356687898089, 3.605095541401274, 3.6178343949044587, 3.630573248407644, 3.643312101910828, 3.6560509554140124, 3.6687898089171975, 3.681528662420382, 3.694267515923567, 3.7070063694267517, 3.719745222929937, 3.7324840764331206, 3.745222929936306, 3.7579617834394905, 3.7707006369426757, 3.78343949044586, 3.796178343949044, 3.8089171974522293, 3.8216560509554136, 3.8343949044585988, 3.8471337579617835, 3.8598726114649686, 3.8726114649681525, 3.885350318471337, 3.8980891719745223, 3.910828025477707, 3.923566878980892, 3.936305732484076, 3.949044585987261, 3.961783439490446, 3.974522292993631, 3.9872611464968153, 4.0, 4.012738853503184, 4.025477707006369, 4.038216560509555, 4.050955414012739, 4.063694267515924, 4.076433121019108, 4.0891719745222925, 4.101910828025478, 4.114649681528662, 4.127388535031847, 4.140127388535032, 4.1528662420382165, 4.165605095541401, 4.178343949044586, 4.191082802547771, 4.203821656050956, 4.2165605095541405, 4.229299363057325, 4.24203821656051, 4.254777070063694, 4.267515923566879, 4.280254777070064, 4.292993630573249, 4.305732484076433, 4.318471337579617, 4.3312101910828025, 4.343949044585988, 4.356687898089173, 4.369426751592356, 4.382165605095541, 4.3949044585987265, 4.407643312101912, 4.420382165605096, 4.43312101910828, 4.445859872611465, 4.45859872611465, 4.471337579617835, 4.484076433121019, 4.496815286624204, 4.509554140127388, 4.522292993630573, 4.535031847133758, 4.547770700636942, 4.560509554140127, 4.5732484076433115, 4.585987261146497, 4.598726114649681, 4.611464968152866, 4.624203821656051, 4.6369426751592355, 4.64968152866242, 4.662420382165605, 4.67515923566879, 4.687898089171974, 4.7006369426751595, 4.713375796178344, 4.726114649681529, 4.738853503184713, 4.7515923566878975, 4.764331210191083, 4.777070063694268, 4.789808917197452, 4.802547770700636, 4.8152866242038215, 4.828025477707007, 4.840764331210192, 4.853503184713376, 4.86624203821656, 4.8789808917197455, 4.89171974522293, 4.904458598726115, 4.917197452229299, 4.929936305732484, 4.942675159235669, 4.955414012738853, 4.968152866242038, 4.980891719745223, 4.993630573248408, 5.006369426751592, 5.019108280254777, 5.031847133757962, 5.044585987261147, 5.057324840764331, 5.070063694267516, 5.082802547770701, 5.095541401273885, 5.10828025477707, 5.121019108280255, 5.13375796178344, 5.146496815286625, 5.159235668789808, 5.171974522292993, 5.1847133757961785, 5.197452229299363, 5.210191082802548, 5.222929936305732, 5.235668789808917, 5.2484076433121025, 5.261146496815288, 5.273885350318471, 5.286624203821655, 5.2993630573248405, 5.312101910828026, 5.324840764331211, 5.337579617834395, 5.35031847133758, 5.363057324840764, 5.375796178343949, 5.388535031847134, 5.401273885350318, 5.414012738853503, 5.426751592356688, 5.439490445859873, 5.452229299363058, 5.464968152866242, 5.477707006369426, 5.490445859872612, 5.503184713375796, 5.515923566878981, 5.528662420382166, 5.54140127388535, 5.554140127388535, 5.56687898089172, 5.579617834394905, 5.592356687898089, 5.6050955414012735, 5.617834394904459, 5.630573248407642, 5.643312101910827, 5.656050955414012, 5.6687898089171975, 5.681528662420382, 5.694267515923567, 5.707006369426752, 5.719745222929936, 5.7324840764331215, 5.745222929936305, 5.75796178343949, 5.770700636942674, 5.7834394904458595, 5.796178343949045, 5.80891719745223, 5.821656050955414, 5.834394904458599, 5.847133757961784, 5.859872611464968, 5.872611464968153, 5.885350318471337, 5.898089171974522, 5.910828025477707, 5.923566878980892, 5.936305732484077, 5.94904458598726, 5.961783439490445, 5.974522292993631, 5.987261146496816, 6.0]
