Hermiticity check passed!
Symmetry checks passed!
Hermiticity check passed!
Symmetry checks passed!
  (0, 0)	-18.0
  (0, 1)	-0.30000000000000004
  (1, 0)	-0.3
  (1, 1)	-10.0
  (1, 2)	-0.2
  (1, 4)	-0.2
  (1, 5)	-0.28284271247461906
  (2, 1)	-0.2
  (2, 2)	-6.0
  (2, 3)	-0.17320508075688773
  (2, 6)	-0.2
  (2, 7)	-0.14142135623730953
  (3, 2)	-0.17320508075688773
  (3, 3)	-6.0
  (3, 8)	-0.2449489742783178
  (4, 1)	-0.2
  (4, 4)	-6.0
  (4, 6)	-0.2
  (4, 11)	-0.17320508075688773
  (4, 12)	-0.14142135623730953
  (5, 1)	-0.28284271247461906
  (5, 5)	-2.0
  (5, 6)	-0.14142135623730953
  (5, 7)	-0.2
  (5, 12)	-0.2
  :	:
  (13, 12)	-0.1
  (13, 13)	-2.2
  (13, 15)	-0.2
  (14, 7)	-0.14142135623730953
  (14, 9)	-0.1
  (14, 12)	-0.14142135623730953
  (14, 14)	6.0
  (14, 17)	-0.2
  (15, 6)	-0.14142135623730953
  (15, 10)	-0.1
  (15, 12)	-0.2
  (15, 13)	-0.2
  (15, 15)	2.0
  (15, 17)	-0.14142135623730953
  (16, 5)	-0.17320508075688773
  (16, 16)	6.0
  (16, 17)	-0.2449489742783178
  (17, 6)	-0.1
  (17, 7)	-0.14142135623730953
  (17, 10)	-0.14142135623730953
  (17, 12)	-0.14142135623730953
  (17, 14)	-0.2
  (17, 15)	-0.14142135623730953
  (17, 16)	-0.2449489742783178
  (17, 17)	5.8
  (0, 1)	-3.0
  (1, 0)	-3.0
  (1, 2)	-2.0
  (1, 4)	-2.0
  (1, 5)	-2.8284271247461903
  (2, 1)	-2.0
  (2, 3)	-1.7320508075688772
  (2, 6)	-2.0
  (2, 7)	-1.4142135623730951
  (3, 2)	-1.7320508075688772
  (3, 8)	-2.449489742783178
  (4, 1)	-2.0
  (4, 6)	-2.0
  (4, 11)	-1.7320508075688772
  (4, 12)	-1.4142135623730951
  (5, 1)	-2.8284271247461903
  (5, 6)	-1.4142135623730951
  (5, 7)	-2.0
  (5, 12)	-2.0
  (5, 16)	-1.7320508075688772
  (6, 2)	-2.0
  (6, 4)	-2.0
  (6, 5)	-1.4142135623730951
  (6, 8)	-1.4142135623730951
  (6, 9)	-2.0
  :	:
  (13, 6)	-1.4142135623730951
  (13, 9)	-1.4142135623730951
  (13, 11)	-2.4494897427831783
  (13, 12)	-1.0
  (13, 13)	-2.0
  (13, 15)	-2.0
  (14, 7)	-1.4142135623730951
  (14, 9)	-1.0
  (14, 12)	-1.4142135623730951
  (14, 17)	-2.0
  (15, 6)	-1.4142135623730951
  (15, 10)	-1.0
  (15, 12)	-2.0
  (15, 13)	-2.0
  (15, 17)	-1.4142135623730951
  (16, 5)	-1.7320508075688772
  (16, 17)	-2.449489742783178
  (17, 6)	-1.0
  (17, 7)	-1.4142135623730951
  (17, 10)	-1.4142135623730951
  (17, 12)	-1.4142135623730951
  (17, 14)	-2.0
  (17, 15)	-1.4142135623730951
  (17, 16)	-2.4494897427831783
  (17, 17)	-2.0
[-18.01125059 -10.01875774]
[[-9.99296933e-01  3.74442619e-02]
 [-3.74755876e-02 -9.96172419e-01]
 [-6.24625681e-04 -4.98657658e-02]
 [-9.01555992e-06 -2.15783348e-03]
 [-6.24625681e-04 -4.98657658e-02]
 [-6.62532841e-04 -3.52595733e-02]
 [-2.14736991e-05 -3.11909386e-03]
 [-1.10435068e-05 -1.17649725e-03]
 [-4.07463686e-07 -1.42094911e-04]
 [-2.76264540e-07 -8.30800047e-05]
 [-2.69491236e-07 -5.97054649e-05]
 [-9.01555992e-06 -2.15783348e-03]
 [-1.10435068e-05 -1.17649725e-03]
 [-4.07463686e-07 -1.42094911e-04]
 [-1.33528143e-07 -2.18914767e-05]
 [-2.69491236e-07 -5.97054649e-05]
 [-4.78198273e-06 -3.81983301e-04]
 [-2.74879151e-07 -4.80129376e-05]]
[-9. -5.]
[[ 0.0625     -0.30233318]
 [ 0.1875     -0.50388864]
 [ 0.1875     -0.19505487]
 [ 0.10825318  0.01125934]
 [ 0.1875     -0.08311537]
 [ 0.26516504 -0.37338886]
 [ 0.375       0.12494067]
 [ 0.26516504 -0.16749958]
 [ 0.26516504  0.16090765]
 [ 0.1875      0.2257184 ]
 [ 0.26516504  0.06336804]
 [ 0.10825318  0.20514425]
 [ 0.26516504 -0.00919321]
 [ 0.26516504  0.47752039]
 [ 0.1875     -0.02416294]
 [ 0.26516504  0.22167442]
 [ 0.15309311 -0.15302045]
 [ 0.375      -0.04832589]]
[[ 0.0625    +0.j          0.1875    +0.j          0.1875    +0.j
  ...  0.26516504+0.j          0.15309311+0.j
   0.375     +0.j        ]
 [ 0.06140814+0.0117518j   0.18642357+0.0204102j   0.18707589+0.01293461j
  ...  0.26513836-0.00291853j  0.15287547-0.00780785j
   0.37446691-0.01912484j]
 [ 0.0581688 +0.02310605j  0.18320629+0.04059492j  0.18580553+0.02581254j
  ...  0.26505829-0.00583847j  0.15222319-0.01559254j
   0.37286931-0.03819057j]
 ...
 [-0.05904896+0.01997126j -0.19587324+0.03578538j -0.16183973-0.05699423j
  ... -0.06327534-0.29109994j  0.11771774-0.18237959j
   0.12425459-0.30762869j]
 [-0.06169381+0.00847532j -0.19793661+0.01490023j -0.15723334-0.06702864j
  ... -0.06732646-0.28929388j  0.10749247-0.18906786j
   0.1085251 -0.31441473j]
 [-0.06217386-0.00330572j -0.19782168-0.00605827j -0.15199118-0.07674276j
  ... -0.071352  -0.28741626j  0.09690417-0.19516463j
   0.09243084-0.32032868j]]
[1.0000000000000004, 1.0000000000000004, 1.0000000000000004, 1.0000000000000004, 1.0000000000000004, 1.0000000000000004, 1.0000000000000004, 1.0000000000000004, 1.0000000000000004, 1.0000000000000004, 1.0000000000000004, 1.0000000000000004, 1.0, 1.0000000000000004, 1.0, 1.0000000000000004, 1.0000000000000004, 1.0000000000000004, 1.0000000000000004, 1.0, 1.0, 1.0000000000000004, 1.0000000000000004, 1.0000000000000004, 1.0000000000000004, 1.0000000000000004, 1.0000000000000004, 1.0000000000000004, 1.0000000000000004, 1.0000000000000004, 1.0000000000000004, 1.0000000000000004, 1.0, 1.0000000000000004, 1.0000000000000004, 1.0000000000000004, 1.0000000000000004, 1.0000000000000004, 1.0000000000000004, 1.0000000000000004, 1.0, 1.0, 1.0, 0.9999999999999998, 0.9999999999999998, 0.9999999999999998, 1.0, 0.9999999999999998, 1.0, 0.9999999999999991, 0.9999999999999998, 0.9999999999999993, 1.0, 1.0000000000000004, 0.9999999999999993, 1.0000000000000004, 1.0, 1.0000000000000013, 0.9999999999999976, 0.9999999999999976, 0.9999999999999978, 0.9999999999999973, 0.9999999999999976, 0.9999999999999976, 0.9999999999999976, 0.9999999999999976, 0.9999999999999973, 0.999999999999998, 0.9999999999999973, 0.9999999999999976, 0.9999999999999976, 0.9999999999999976, 0.9999999999999976, 0.9999999999999973, 0.9999999999999978, 0.9999999999999971, 0.9999999999999976, 0.9999999999999976, 0.9999999999999976, 0.9999999999999976, 0.9999999999999973, 0.9999999999999976, 0.9999999999999973, 0.9999999999999978, 0.9999999999999978, 0.9999999999999976, 0.9999999999999978, 0.9999999999999973, 0.9999999999999976, 0.9999999999999978, 0.9999999999999978, 0.9999999999999971, 0.9999999999999971, 0.9999999999999976, 0.9999999999999978, 0.9999999999999978, 0.9999999999999976, 0.9999999999999976, 0.9999999999999978, 0.9999999999999978, 0.9999999999999976, 0.9999999999999976, 0.999999999999998, 0.9999999999999971, 0.9999999999999978, 0.9999999999999976, 0.9999999999999978, 0.9999999999999969, 0.9999999999999978, 0.9999999999999967, 0.9999999999999969, 0.9999999999999967, 0.999999999999996, 0.999999999999996, 0.9999999999999964, 0.9999999999999949, 0.9999999999999929, 0.9999999999999929, 0.9999999999999931, 0.9999999999999927, 0.9999999999999927, 0.9999999999999929, 0.9999999999999929, 0.9999999999999929, 0.9999999999999927, 0.9999999999999929, 0.9999999999999927, 0.9999999999999927, 0.9999999999999927, 0.9999999999999927, 0.9999999999999929, 0.9999999999999927, 0.9999999999999931, 0.9999999999999929, 0.9999999999999931, 0.9999999999999929, 0.9999999999999929, 0.9999999999999931, 0.9999999999999929, 0.9999999999999929, 0.9999999999999927, 0.9999999999999927, 0.9999999999999929, 0.9999999999999929, 0.9999999999999929, 0.9999999999999927, 0.9999999999999929, 0.9999999999999929, 0.9999999999999927, 0.9999999999999931, 0.9999999999999927, 0.9999999999999929, 0.9999999999999927, 0.9999999999999933, 0.9999999999999927, 0.9999999999999929, 0.9999999999999927, 0.9999999999999929, 0.9999999999999929, 0.9999999999999927, 0.9999999999999929, 0.9999999999999929, 0.9999999999999929, 0.9999999999999925, 0.9999999999999931, 0.9999999999999929, 0.9999999999999931, 0.9999999999999933, 0.9999999999999931, 0.999999999999994, 0.9999999999999944, 0.9999999999999956, 0.9999999999999947, 0.9999999999999936, 0.9999999999999922, 0.9999999999999922, 0.9999999999999922, 0.999999999999992, 0.9999999999999922, 0.9999999999999922, 0.9999999999999922, 0.9999999999999922, 0.9999999999999922, 0.9999999999999922, 0.9999999999999925, 0.9999999999999922, 0.999999999999992, 0.9999999999999922, 0.999999999999992, 0.9999999999999922, 0.9999999999999922, 0.9999999999999922, 0.999999999999992, 0.999999999999992, 0.9999999999999922, 0.9999999999999925, 0.9999999999999922, 0.9999999999999922, 0.999999999999992, 0.9999999999999922, 0.999999999999992, 0.9999999999999925, 0.9999999999999922, 0.9999999999999922, 0.9999999999999922, 0.9999999999999925, 0.9999999999999925, 0.9999999999999922, 0.9999999999999925, 0.9999999999999925, 0.9999999999999922, 0.999999999999992, 0.9999999999999925, 0.9999999999999927, 0.9999999999999922, 0.9999999999999922, 0.9999999999999922, 0.9999999999999922, 0.999999999999992, 0.999999999999992, 0.9999999999999925, 0.9999999999999918, 0.9999999999999922, 0.9999999999999918, 0.9999999999999927, 0.9999999999999927, 0.9999999999999916, 0.9999999999999929, 0.9999999999999911, 0.9999999999999931, 0.9999999999999936, 0.9999999999999938, 0.9999999999999913, 0.9999999999999913, 0.9999999999999913, 0.9999999999999911, 0.9999999999999911, 0.9999999999999911, 0.9999999999999911, 0.9999999999999913, 0.9999999999999911, 0.9999999999999913, 0.9999999999999913, 0.9999999999999913, 0.9999999999999911, 0.9999999999999913, 0.9999999999999913, 0.9999999999999911, 0.9999999999999913, 0.9999999999999913, 0.9999999999999916, 0.9999999999999911, 0.9999999999999911, 0.9999999999999913, 0.9999999999999911, 0.9999999999999909, 0.9999999999999909, 0.9999999999999913, 0.9999999999999913, 0.9999999999999913, 0.9999999999999911, 0.9999999999999911, 0.9999999999999911, 0.9999999999999916, 0.9999999999999911, 0.9999999999999911, 0.9999999999999913, 0.9999999999999911, 0.9999999999999913, 0.9999999999999911, 0.9999999999999913, 0.9999999999999907, 0.9999999999999907, 0.9999999999999909, 0.9999999999999907, 0.9999999999999911, 0.9999999999999907, 0.9999999999999902, 0.9999999999999911, 0.9999999999999905, 0.9999999999999907, 0.9999999999999902, 0.9999999999999911, 0.9999999999999911, 0.9999999999999909, 0.999999999999992, 0.9999999999999916, 0.9999999999999927, 0.9999999999999938, 0.9999999999999929, 0.9999999999999953, 0.9999999999999953, 0.9999999999999953, 0.9999999999999951, 0.9999999999999953, 0.9999999999999953, 0.9999999999999953, 0.9999999999999953, 0.9999999999999951, 0.9999999999999956, 0.9999999999999953, 0.9999999999999953, 0.9999999999999953, 0.9999999999999956, 0.9999999999999953, 0.9999999999999953, 0.9999999999999958, 0.9999999999999951, 0.9999999999999956, 0.9999999999999956, 0.9999999999999953, 0.9999999999999956, 0.9999999999999953, 0.9999999999999956, 0.9999999999999953, 0.9999999999999951, 0.9999999999999956, 0.9999999999999958, 0.9999999999999953, 0.9999999999999951, 0.9999999999999953, 0.9999999999999953, 0.9999999999999951, 0.9999999999999951, 0.9999999999999956, 0.9999999999999953, 0.9999999999999953, 0.9999999999999953, 0.9999999999999953, 0.9999999999999951, 0.9999999999999958, 0.9999999999999958, 0.9999999999999958, 0.9999999999999958, 0.9999999999999953, 0.9999999999999956, 0.9999999999999958, 0.9999999999999962, 0.9999999999999964, 0.9999999999999953, 0.999999999999996, 0.9999999999999964, 0.9999999999999964, 0.9999999999999964, 0.9999999999999976, 0.9999999999999969, 0.999999999999996, 0.9999999999999991, 0.9999999999999982, 0.9999999999999982, 0.9999999999999984, 0.9999999999999982, 0.9999999999999987, 0.9999999999999982, 0.9999999999999982, 0.9999999999999982, 0.9999999999999982, 0.9999999999999984, 0.9999999999999982, 0.9999999999999982, 0.9999999999999982, 0.9999999999999987, 0.9999999999999984, 0.9999999999999982, 0.9999999999999982, 0.9999999999999984, 0.9999999999999984, 0.9999999999999982, 0.9999999999999982, 0.9999999999999987, 0.9999999999999984, 0.9999999999999982, 0.9999999999999982, 0.9999999999999982, 0.9999999999999984, 0.9999999999999984, 0.9999999999999984, 0.9999999999999982, 0.9999999999999984, 0.9999999999999987, 0.9999999999999984, 0.9999999999999984, 0.9999999999999982, 0.9999999999999984, 0.999999999999998, 0.9999999999999982, 0.9999999999999982, 0.9999999999999989, 0.9999999999999982, 0.9999999999999982, 0.999999999999998, 0.999999999999998, 0.9999999999999978, 0.9999999999999978, 0.999999999999998, 0.999999999999998, 0.9999999999999978, 0.9999999999999967, 0.9999999999999976, 0.9999999999999969, 0.9999999999999964, 0.9999999999999967, 0.9999999999999969, 0.9999999999999964, 0.9999999999999944, 0.999999999999996, 0.9999999999999931, 0.9999999999999931, 0.9999999999999933, 0.9999999999999931, 0.9999999999999931, 0.9999999999999931, 0.9999999999999931, 0.9999999999999931, 0.9999999999999931, 0.9999999999999933, 0.9999999999999931, 0.9999999999999931, 0.9999999999999931, 0.9999999999999933, 0.9999999999999931, 0.9999999999999931, 0.9999999999999931, 0.9999999999999931, 0.9999999999999931, 0.9999999999999931, 0.9999999999999931, 0.9999999999999931, 0.9999999999999936, 0.9999999999999933, 0.9999999999999931, 0.9999999999999931, 0.9999999999999936, 0.9999999999999933, 0.9999999999999933, 0.9999999999999933, 0.9999999999999933, 0.9999999999999936, 0.9999999999999936, 0.9999999999999931, 0.9999999999999936, 0.9999999999999936, 0.9999999999999933, 0.9999999999999933, 0.9999999999999933, 0.9999999999999938, 0.9999999999999936, 0.9999999999999936, 0.9999999999999933, 0.9999999999999933, 0.9999999999999931, 0.9999999999999931, 0.9999999999999936, 0.9999999999999933, 0.9999999999999936, 0.9999999999999931, 0.9999999999999927, 0.9999999999999925, 0.9999999999999929, 0.9999999999999922, 0.9999999999999918, 0.9999999999999902, 0.9999999999999902, 0.9999999999999902, 0.999999999999988, 0.9999999999999878, 0.999999999999988, 0.999999999999988, 0.999999999999988, 0.9999999999999876, 0.9999999999999878, 0.9999999999999878]
[-0.9000000000000015, -0.9000000000000017, -0.9000000000000019, -0.9000000000000018, -0.9000000000000004, -0.9000000000000017, -0.9000000000000015, -0.900000000000001, -0.9000000000000012, -0.9000000000000012, -0.9000000000000016, -0.9000000000000017, -0.9000000000000024, -0.9000000000000014, -0.9000000000000015, -0.9000000000000026, -0.900000000000002, -0.900000000000001, -0.9000000000000021, -0.9000000000000017, -0.9000000000000019, -0.9000000000000019, -0.900000000000002, -0.9000000000000015, -0.9000000000000014, -0.9000000000000012, -0.9000000000000015, -0.9000000000000016, -0.9000000000000019, -0.9000000000000016, -0.9000000000000021, -0.9000000000000024, -0.9000000000000015, -0.9000000000000019, -0.9000000000000005, -0.9000000000000012, -0.9, -0.9000000000000025, -0.9000000000000011, -0.8999999999999995, -0.8999999999999997, -0.8999999999999965, -0.8999999999999995, -0.8999999999999988, -0.8999999999999966, -0.8999999999999951, -0.8999999999999958, -0.8999999999999948, -0.9000000000000016, -0.8999999999999898, -0.899999999999995, -0.899999999999993, -0.900000000000003, -0.9000000000000168, -0.900000000000008, -0.9000000000000243, -0.9000000000000236, -0.9000000000000441, -0.899999999999991, -0.8999999999999911, -0.8999999999999911, -0.8999999999999913, -0.8999999999999906, -0.8999999999999923, -0.8999999999999913, -0.8999999999999909, -0.8999999999999909, -0.8999999999999907, -0.8999999999999917, -0.8999999999999918, -0.8999999999999899, -0.8999999999999911, -0.8999999999999918, -0.8999999999999917, -0.8999999999999909, -0.8999999999999916, -0.8999999999999913, -0.8999999999999914, -0.8999999999999917, -0.8999999999999927, -0.8999999999999916, -0.8999999999999904, -0.8999999999999911, -0.8999999999999916, -0.8999999999999921, -0.8999999999999904, -0.8999999999999906, -0.8999999999999911, -0.8999999999999906, -0.8999999999999913, -0.8999999999999909, -0.899999999999991, -0.8999999999999904, -0.8999999999999908, -0.8999999999999907, -0.8999999999999913, -0.899999999999991, -0.8999999999999915, -0.8999999999999896, -0.8999999999999905, -0.8999999999999908, -0.8999999999999894, -0.899999999999991, -0.899999999999985, -0.8999999999999894, -0.8999999999999768, -0.8999999999999879, -0.8999999999999755, -0.8999999999999924, -0.8999999999999798, -0.8999999999999767, -0.8999999999999622, -0.8999999999999617, -0.8999999999999626, -0.8999999999999754, -0.8999999999999472, -0.8999999999999131, -0.8999999999999134, -0.899999999999913, -0.8999999999999133, -0.8999999999999128, -0.8999999999999126, -0.8999999999999124, -0.8999999999999128, -0.8999999999999116, -0.8999999999999139, -0.899999999999913, -0.8999999999999121, -0.8999999999999126, -0.899999999999913, -0.8999999999999131, -0.8999999999999134, -0.8999999999999132, -0.8999999999999136, -0.8999999999999136, -0.899999999999913, -0.899999999999913, -0.8999999999999132, -0.8999999999999124, -0.8999999999999126, -0.8999999999999122, -0.8999999999999128, -0.8999999999999121, -0.8999999999999111, -0.8999999999999125, -0.8999999999999118, -0.8999999999999124, -0.8999999999999112, -0.8999999999999121, -0.8999999999999111, -0.8999999999999112, -0.8999999999999108, -0.8999999999999116, -0.8999999999999124, -0.8999999999999105, -0.8999999999999104, -0.8999999999999132, -0.8999999999999143, -0.8999999999999143, -0.8999999999999145, -0.8999999999999121, -0.8999999999999194, -0.8999999999999143, -0.8999999999999143, -0.8999999999999221, -0.8999999999999296, -0.8999999999999232, -0.8999999999999311, -0.8999999999999326, -0.8999999999999394, -0.8999999999999438, -0.8999999999999648, -0.899999999999948, -0.8999999999999362, -0.8999999999999205, -0.8999999999999201, -0.8999999999999205, -0.899999999999921, -0.8999999999999203, -0.8999999999999202, -0.8999999999999201, -0.8999999999999204, -0.8999999999999203, -0.8999999999999208, -0.8999999999999201, -0.8999999999999204, -0.8999999999999203, -0.8999999999999204, -0.8999999999999208, -0.8999999999999204, -0.8999999999999199, -0.8999999999999208, -0.899999999999921, -0.8999999999999205, -0.8999999999999201, -0.8999999999999201, -0.8999999999999203, -0.8999999999999195, -0.899999999999921, -0.8999999999999202, -0.8999999999999201, -0.8999999999999201, -0.8999999999999181, -0.89999999999992, -0.8999999999999212, -0.8999999999999209, -0.89999999999992, -0.8999999999999212, -0.8999999999999214, -0.8999999999999196, -0.8999999999999205, -0.8999999999999205, -0.8999999999999218, -0.8999999999999233, -0.8999999999999216, -0.8999999999999273, -0.8999999999999254, -0.8999999999999276, -0.8999999999999223, -0.8999999999999241, -0.8999999999999299, -0.8999999999999254, -0.8999999999999283, -0.8999999999999284, -0.8999999999999312, -0.8999999999999336, -0.8999999999999195, -0.8999999999999446, -0.8999999999999182, -0.8999999999999437, -0.8999999999999615, -0.8999999999999746, -0.8999999999999277, -0.8999999999999276, -0.8999999999999277, -0.8999999999999289, -0.8999999999999289, -0.8999999999999286, -0.8999999999999281, -0.8999999999999286, -0.8999999999999284, -0.8999999999999283, -0.8999999999999286, -0.8999999999999282, -0.8999999999999276, -0.8999999999999276, -0.8999999999999284, -0.8999999999999283, -0.8999999999999275, -0.899999999999928, -0.8999999999999284, -0.8999999999999284, -0.8999999999999284, -0.8999999999999277, -0.8999999999999286, -0.899999999999928, -0.8999999999999275, -0.8999999999999287, -0.8999999999999284, -0.8999999999999282, -0.8999999999999279, -0.8999999999999274, -0.8999999999999277, -0.8999999999999266, -0.8999999999999277, -0.8999999999999262, -0.8999999999999255, -0.8999999999999251, -0.8999999999999269, -0.8999999999999282, -0.8999999999999275, -0.8999999999999235, -0.8999999999999219, -0.8999999999999249, -0.8999999999999206, -0.899999999999924, -0.8999999999999172, -0.8999999999999209, -0.8999999999999233, -0.8999999999999232, -0.8999999999999302, -0.8999999999999105, -0.8999999999999203, -0.8999999999999372, -0.8999999999999366, -0.8999999999999545, -0.8999999999999583, -0.8999999999999733, -0.8999999999999848, -0.8999999999999794, -0.9000000000000155, -0.9000000000000152, -0.9000000000000158, -0.9000000000000153, -0.9000000000000155, -0.900000000000015, -0.9000000000000152, -0.9000000000000155, -0.9000000000000157, -0.9000000000000159, -0.9000000000000155, -0.9000000000000159, -0.9000000000000157, -0.9000000000000158, -0.9000000000000155, -0.9000000000000159, -0.9000000000000156, -0.9000000000000147, -0.9000000000000143, -0.9000000000000157, -0.9000000000000157, -0.9000000000000151, -0.9000000000000157, -0.9000000000000158, -0.9000000000000143, -0.9000000000000143, -0.9000000000000146, -0.9000000000000139, -0.9000000000000141, -0.9000000000000157, -0.9000000000000156, -0.9000000000000137, -0.9000000000000138, -0.9000000000000152, -0.9000000000000113, -0.9000000000000129, -0.9000000000000142, -0.9000000000000135, -0.9000000000000115, -0.9000000000000155, -0.9000000000000152, -0.9000000000000181, -0.9000000000000152, -0.9000000000000148, -0.9000000000000132, -0.9000000000000209, -0.9000000000000199, -0.9000000000000205, -0.9000000000000281, -0.900000000000023, -0.9000000000000195, -0.9000000000000364, -0.9000000000000311, -0.9000000000000394, -0.9000000000000526, -0.9000000000000591, -0.9000000000000432, -0.900000000000078, -0.9000000000000803, -0.9000000000000811, -0.90000000000008, -0.9000000000000806, -0.9000000000000804, -0.9000000000000805, -0.9000000000000801, -0.9000000000000804, -0.9000000000000796, -0.9000000000000801, -0.9000000000000801, -0.9000000000000794, -0.9000000000000801, -0.9000000000000803, -0.90000000000008, -0.9000000000000801, -0.9000000000000796, -0.9000000000000797, -0.9000000000000798, -0.9000000000000807, -0.9000000000000798, -0.9000000000000802, -0.9000000000000794, -0.9000000000000802, -0.90000000000008, -0.9000000000000798, -0.9000000000000806, -0.9000000000000811, -0.9000000000000804, -0.90000000000008, -0.9000000000000808, -0.9000000000000794, -0.90000000000008, -0.9000000000000801, -0.9000000000000798, -0.9000000000000797, -0.9000000000000814, -0.90000000000008, -0.900000000000081, -0.9000000000000775, -0.9000000000000802, -0.9000000000000784, -0.9000000000000767, -0.9000000000000805, -0.9000000000000774, -0.9000000000000792, -0.9000000000000756, -0.9000000000000783, -0.9000000000000774, -0.9000000000000606, -0.9000000000000755, -0.9000000000000672, -0.9000000000000594, -0.900000000000064, -0.9000000000000664, -0.9000000000000762, -0.9000000000000429, -0.900000000000059, -0.900000000000025, -0.900000000000025, -0.9000000000000252, -0.9000000000000256, -0.9000000000000246, -0.9000000000000257, -0.9000000000000248, -0.9000000000000249, -0.9000000000000259, -0.9000000000000251, -0.9000000000000254, -0.9000000000000248, -0.9000000000000249, -0.9000000000000237, -0.9000000000000257, -0.9000000000000242, -0.9000000000000252, -0.9000000000000248, -0.9000000000000244, -0.9000000000000254, -0.9000000000000249, -0.9000000000000252, -0.9000000000000239, -0.9000000000000241, -0.9000000000000246, -0.9000000000000247, -0.9000000000000249, -0.9000000000000256, -0.9000000000000257, -0.9000000000000239, -0.9000000000000246, -0.9000000000000266, -0.9000000000000246, -0.9000000000000264, -0.900000000000027, -0.9000000000000262, -0.9000000000000267, -0.9000000000000289, -0.9000000000000281, -0.9000000000000276, -0.9000000000000314, -0.9000000000000298, -0.9000000000000308, -0.9000000000000311, -0.9000000000000274, -0.9000000000000343, -0.9000000000000347, -0.9000000000000357, -0.9000000000000389, -0.9000000000000333, -0.9000000000000258, -0.9000000000000317, -0.9000000000000357, -0.900000000000022, -0.9000000000000171, -0.9000000000000055, -0.9000000000000025, -0.899999999999992, -0.8999999999999697, -0.8999999999999704, -0.8999999999999698, -0.89999999999997, -0.8999999999999695, -0.89999999999997, -0.8999999999999698, -0.89999999999997]
[1.0, 0.9991994457972179, 0.9968008717117153, 0.9928135280818423, 0.9872527814454296, 0.9801400387612724, 0.9715026418395143, 0.9613737324990791, 0.9497920891152736, 0.9368019353633136, 0.9224527221033401, 0.9067988834888969, 0.8898995685133456, 0.8718183493367392, 0.8526229078586844, 0.8323847021201697, 0.8111786142286547, 0.7890825816052862, 0.766177213450446, 0.7425453944132627, 0.7182718775317698, 0.6934428685824023, 0.6681456040400026, 0.6424679249018728, 0.6164978486711294, 0.5903231418252066, 0.5640308951142886, 0.537707104041329, 0.5114362568696843, 0.4853009324858983, 0.45938141041352726, 0.43375529522881434, 0.4084971575703305, 0.3836781938623012, 0.35936590678517705, 0.33562380842715844, 0.3125111479370051, 0.29008266537178157, 0.2683883732936024, 0.24747336751736804, 0.22737766824756964, 0.20813609266711686, 0.1897781598556757, 0.17232802872011685, 0.15580446941638695, 0.14022086853164173, 0.1255852680790568, 0.11190043813673609, 0.09916398273807982, 0.08736847839535378, 0.0765016444127106, 0.06654654392123154, 0.05748181434838411, 0.0492819258195399, 0.04191746578148323, 0.035355447939162704, 0.029559643408948177, 0.02449093181614143, 0.02010766990314776, 0.016366075069265934, 0.013220621134722154, 0.010624443512220479, 0.0085297508797464, 0.006888240380071314, 0.0056515133261772175, 0.004771488368489635, 0.004200809079933085, 0.0038932429388020225, 0.0038040687374168, 0.0038904495164612716, 0.004111788220480109, 0.004430063388730114, 0.004810142336689568, 0.005220069446062996, 0.005631327363873042, 0.006019069112831219, 0.006362319334004353, 0.006644143117093537, 0.006851781121442881, 0.006976749950142848, 0.007014907008040406, 0.0069664793498224785, 0.006836056304192157, 0.006632545942069572, 0.006369095738245097, 0.006062978054513118, 0.0057354413455864535, 0.005411528254626167, 0.0051198620207194255, 0.004892402863874161, 0.004764176242005367, 0.004772975087017229, 0.004959038321676153, 0.005364708133950378, 0.006034068639466237, 0.007012568694560021, 0.008346631731120603, 0.010083255569346996, 0.012269605225174183, 0.014952601765255138, 0.018178510273998486, 0.02199252998449069, 0.02643838958864186, 0.03155795068223374, 0.037390822218631006, 0.043973988741741944, 0.0513414550456943, 0.059523909766952224, 0.06854841025579023, 0.07843809089985183, 0.08921189688457898, 0.10088434517559267, 0.1134653142983094, 0.12695986427228514, 0.14136808783375876, 0.15668499385162363, 0.17290042361143687, 0.1899990004109219, 0.2079601126805302, 0.2267579306156423, 0.2463614560846667, 0.26673460536096066, 0.28783632401770676, 0.30962073312484134, 0.33203730569702083, 0.3550310721624751, 0.37854285345529903, 0.4025095201790701, 0.4268642761482531, 0.45153696448619446, 0.4764543943449482, 0.5015406862130182, 0.5267176336924201, 0.5519050795563403, 0.5770213038429829, 0.6019834216997902, 0.6267077886648377, 0.6511104110585034, 0.6751073591580993, 0.6986151808405356, 0.7215513134028083, 0.743834491306534, 0.7653851476403744, 0.7861258071523399, 0.8059814687720199, 0.8248799756201058, 0.8427523705884987, 0.8595332356681595, 0.8751610133030333, 0.8895783081561935, 0.9027321677881734, 0.914574340866674, 0.925061511650817, 0.9341555096212831, 0.9418234932594363, 0.9480381071133368, 0.952777611425832, 0.9560259837391395, 0.9577729920310232, 0.9580142390792415, 0.9567511778929799, 0.9539910981919554, 0.949747084055298, 0.9440379430027804, 0.9368881069098953, 0.9283275052953509, 0.9183914116541558, 0.9071202636412953, 0.8945594580394209, 0.8807591215687215, 0.8657738587175577, 0.8496624778882087, 0.83248769726264, 0.8143158318980896, 0.7952164636611595, 0.7752620957011438, 0.7545277932486466, 0.7330908126029669, 0.7110302202414645, 0.6884265040451909, 0.6653611786873521, 0.6419163872740613, 0.6181745013600274, 0.5942177214848376, 0.5701276803880145, 0.5459850510626998, 0.5218691617983402, 0.49785762034185754, 0.47402594927426644, 0.4504472346553847, 0.42719178993305074, 0.40432683704507055, 0.3819162065619843, 0.360020058626738, 0.3386946263436584, 0.3179919831539715, 0.2979598356088366, 0.2786413428138752, 0.2600749636719818, 0.2422943328944141, 0.2253281665844484, 0.2092001980240702, 0.19392914411310655, 0.17952870272289587, 0.16600758103408564, 0.15336955473160907, 0.1416135577305468, 0.13073380190575287, 0.12071992609716634, 0.11155717346309535, 0.10322659605693132, 0.0957052853102118, 0.0889666269182881, 0.08298057844557773, 0.07771396779705414, 0.07313081054276933, 0.06919264393430667, 0.06585887531754424, 0.0630871425263743, 0.06083368373829417, 0.05905371418632019, 0.05770180705344072, 0.05673227582685314, 0.05609955536021389, 0.0557585788837566, 0.05566514821481213, 0.05577629445528906, 0.05605062651814416, 0.056448664901556374, 0.056933158227349595, 0.05746938017829452, 0.05802540460699373, 0.05857235674571126, 0.05908463862111503, 0.059540126968699175, 0.059920342147621014, 0.06021058677575427, 0.06040005303549794, 0.06048189784115107, 0.06045328530653503, 0.060315396204870524, 0.060073404369506575, 0.059736420241721606, 0.0593174020281993, 0.058833035183673395, 0.05830358118139386, 0.057752696773299146, 0.057207225170985455, 0.05669696079570811, 0.056254389448842965, 0.05591440594171285, 0.05571401139383683, 0.05569199256006327, 0.05588858567845494, 0.056345127441168964, 0.057103695779087325, 0.058206743216993005, 0.05969672559926361, 0.061615729006216875, 0.06400509767843637, 0.06690506574092626, 0.07035439547128625, 0.07439002478695186, 0.07904672653682746, 0.08435678207340586, 0.09034967145398026, 0.09705178247518961, 0.10448614058544006, 0.11267216154631966, 0.12162542852873509, 0.13135749513390754, 0.1418757156254563, 0.15318310344840413, 0.16527821889600078, 0.17815508656759138, 0.19180314304223484, 0.20620721497521008, 0.22134752760958656, 0.23719974348444006, 0.2537350309164839, 0.27092016163442084, 0.2887176367564396, 0.3070858401221994, 0.3259792178225018, 0.34534848261339346, 0.36514084175770206, 0.38530024670641666, 0.4057676629154728, 0.4264813579908156, 0.4473772062661938, 0.46838900784422005, 0.4894488200717584, 0.5104872993753646, 0.5314340513516009, 0.5522179869894382, 0.5727676828980274, 0.5930117434218481, 0.6128791625463172, 0.6322996835296489, 0.6512041542405089, 0.6695248762350601, 0.6871959456706597, 0.7041535842260056, 0.720336458278199, 0.7356859846752282, 0.7501466215370849, 0.7636661426193403, 0.77619589387883, 0.7876910309914593, 0.7981107366863418, 0.8074184168779175, 0.8155818746977366, 0.8225734616496703, 0.8283702052358543, 0.8329539125251925, 0.8363112492612115, 0.8384337942310484, 0.8393180687418788, 0.8389655411747737, 0.8373826067083909, 0.834580542425695, 0.8305754381356736, 0.8253881033584609, 0.8190439510360087, 0.8115728586411699, 0.803009007465411, 0.7933907009690766, 0.782760163177811, 0.7711633182041323, 0.7586495520639086, 0.7452714580432795, 0.7310845669521062, 0.7161470636749647, 0.7005194914997322, 0.6842644457666126, 0.6674462584367122, 0.6501306752286568, 0.6323845270139985, 0.614275397196925, 0.5958712868308229, 0.5772402792432461, 0.5584502059516249, 0.5395683156542482, 0.5206609480745913, 0.5017932144217316, 0.4830286862051061, 0.46442909410835437, 0.44605403858409315, 0.42796071377948264, 0.4102036463408988, 0.3928344505756558, 0.3759016013688759, 0.35945022616510286, 0.3435219172269211, 0.3281545652771226, 0.3133822155171964, 0.29923494689347957, 0.2857387753537282, 0.2729155817016603, 0.26078306451582633, 0.24935471845266052, 0.23863983810249711, 0.2286435474125302, 0.21936685453302526, 0.21080673178349005, 0.2029562202749679, 0.19580455856418982, 0.18933733455605795, 0.18353665971399094, 0.17838136448416042, 0.17384721369077227, 0.16990714051647127, 0.16653149754584862, 0.16368832322209148, 0.16134362194817217, 0.15946165595575273, 0.15800524696825538, 0.15693608560033143, 0.15621504636520406, 0.15580250610492183, 0.15565866361722724, 0.15574385822716308, 0.156018885042292, 0.1564453046378845, 0.15698574494295825, 0.15760419313976257, 0.15826627544818517, 0.15893952274249085, 0.15959362004042954, 0.1602006380136294, 0.1607352447926813, 0.16117489647960684, 0.16150000493357386, 0.16169408156165732, 0.1617438560239018, 0.1616393689495762, 0.16137403795780364, 0.16094469647913334, 0.16035160508338298, 0.15959843523143802, 0.15869222558293253, 0.1576433112057763, 0.1564652262457305, 0.15517458082251948, 0.15379091312162438, 0.15233651784601362, 0.15083625237789552, 0.14931732217544946, 0.1478090470917915, 0.14634261045174074, 0.14495079285488463, 0.1436676927898593, 0.14252843624360326, 0.1415688775697919, 0.14082529394201823, 0.140334075759106, 0.14013141539191135, 0.14025299666302984, 0.14073368743305864, 0.14160723762980224, 0.14290598500052284, 0.14466057079271324, 0.14689966747675798, 0.14964972051524972, 0.15293470605981815, 0.15677590631838104, 0.1611917041851711, 0.16619739856422733, 0.17180504164586946, 0.17802329921664445, 0.1848573348980629, 0.19230871901983743, 0.2003753626410446, 0.20905147703936283, 0.21832755879597698, 0.2281904004135337, 0.2386231262182347, 0.24960525311627546, 0.26111277560074775, 0.2731182742391491, 0.28559104671491264, 0.2984972603499707, 0.3118001249001907, 0.32546008429235274, 0.33943502586083185, 0.3536805055447713, 0.36814998742268945, 0.3827950958913279, 0.3975658787392463, 0.4124110793231402, 0.42727841602596484, 0.44211486716036685, 0.4568669594783538, 0.471481058458025, 0.48590365856002965, 0.5000816716795871, 0.5139627120636507, 0.5274953760164713, 0.5406295147795622, 0.5533164990430681, 0.5655094736240805, 0.577163600932519, 0.5882362919360938, 0.5986874234317915, 0.6084795405312451, 0.6175780433708473, 0.6259513571634084, 0.6335710848161304, 0.6404121414487887, 0.6464528702557688, 0.6516751392653465, 0.6560644186587903]
[0.0, 0.012738853503184714, 0.025477707006369428, 0.03821656050955414, 0.050955414012738856, 0.06369426751592357, 0.07643312101910828, 0.089171974522293, 0.10191082802547771, 0.11464968152866242, 0.12738853503184713, 0.14012738853503184, 0.15286624203821655, 0.16560509554140126, 0.178343949044586, 0.1910828025477707, 0.20382165605095542, 0.21656050955414013, 0.22929936305732485, 0.24203821656050953, 0.25477707006369427, 0.267515923566879, 0.2802547770700637, 0.2929936305732484, 0.3057324840764331, 0.3184713375796178, 0.33121019108280253, 0.34394904458598724, 0.356687898089172, 0.36942675159235666, 0.3821656050955414, 0.3949044585987261, 0.40764331210191085, 0.42038216560509556, 0.43312101910828027, 0.445859872611465, 0.4585987261146497, 0.47133757961783446, 0.48407643312101906, 0.4968152866242039, 0.5095541401273885, 0.5222929936305732, 0.535031847133758, 0.5477707006369427, 0.5605095541401274, 0.5732484076433121, 0.5859872611464968, 0.5987261146496815, 0.6114649681528662, 0.624203821656051, 0.6369426751592356, 0.6496815286624203, 0.6624203821656051, 0.6751592356687898, 0.6878980891719745, 0.7006369426751592, 0.713375796178344, 0.7261146496815287, 0.7388535031847133, 0.7515923566878981, 0.7643312101910829, 0.7770700636942676, 0.7898089171974522, 0.802547770700637, 0.8152866242038217, 0.8280254777070064, 0.8407643312101911, 0.8535031847133758, 0.8662420382165605, 0.8789808917197452, 0.89171974522293, 0.9044585987261147, 0.9171974522292994, 0.9299363057324842, 0.9426751592356689, 0.9554140127388534, 0.9681528662420381, 0.980891719745223, 0.9936305732484078, 1.0063694267515924, 1.019108280254777, 1.0318471337579618, 1.0445859872611465, 1.0573248407643312, 1.070063694267516, 1.0828025477707006, 1.0955414012738853, 1.10828025477707, 1.1210191082802548, 1.1337579617834395, 1.1464968152866242, 1.1592356687898089, 1.1719745222929936, 1.1847133757961783, 1.197452229299363, 1.210191082802548, 1.2229299363057324, 1.2356687898089171, 1.248407643312102, 1.2611464968152868, 1.2738853503184713, 1.2866242038216562, 1.2993630573248407, 1.3121019108280256, 1.3248407643312101, 1.337579617834395, 1.3503184713375795, 1.3630573248407645, 1.375796178343949, 1.3885350318471337, 1.4012738853503184, 1.414012738853503, 1.426751592356688, 1.4394904458598725, 1.4522292993630574, 1.464968152866242, 1.4777070063694266, 1.4904458598726114, 1.5031847133757963, 1.5159235668789808, 1.5286624203821657, 1.5414012738853506, 1.5541401273885351, 1.5668789808917196, 1.5796178343949043, 1.592356687898089, 1.605095541401274, 1.6178343949044585, 1.6305732484076434, 1.643312101910828, 1.6560509554140128, 1.6687898089171975, 1.6815286624203822, 1.6942675159235667, 1.7070063694267517, 1.7197452229299361, 1.732484076433121, 1.7452229299363058, 1.7579617834394905, 1.7707006369426752, 1.78343949044586, 1.7961783439490444, 1.8089171974522293, 1.821656050955414, 1.8343949044585988, 1.8471337579617835, 1.8598726114649684, 1.872611464968153, 1.8853503184713378, 1.898089171974522, 1.9108280254777068, 1.9235668789808917, 1.9363057324840762, 1.9490445859872612, 1.961783439490446, 1.9745222929936306, 1.9872611464968155, 2.0, 2.0127388535031847, 2.0254777070063694, 2.038216560509554, 2.050955414012739, 2.0636942675159236, 2.0764331210191083, 2.089171974522293, 2.101910828025478, 2.1146496815286624, 2.127388535031847, 2.140127388535032, 2.1528662420382165, 2.1656050955414012, 2.1783439490445864, 2.1910828025477707, 2.203821656050956, 2.21656050955414, 2.229299363057325, 2.2420382165605095, 2.254777070063694, 2.267515923566879, 2.2802547770700636, 2.2929936305732483, 2.305732484076433, 2.3184713375796178, 2.3312101910828025, 2.343949044585987, 2.356687898089172, 2.3694267515923566, 2.3821656050955413, 2.394904458598726, 2.4076433121019107, 2.420382165605096, 2.43312101910828, 2.445859872611465, 2.4585987261146496, 2.4713375796178343, 2.484076433121019, 2.496815286624204, 2.5095541401273884, 2.5222929936305736, 2.535031847133758, 2.5477707006369426, 2.5605095541401277, 2.5732484076433124, 2.5859872611464967, 2.5987261146496814, 2.611464968152866, 2.6242038216560513, 2.6369426751592355, 2.6496815286624202, 2.6624203821656054, 2.67515923566879, 2.6878980891719744, 2.700636942675159, 2.713375796178344, 2.726114649681529, 2.738853503184713, 2.751592356687898, 2.764331210191083, 2.7770700636942673, 2.7898089171974525, 2.8025477707006368, 2.815286624203821, 2.828025477707006, 2.840764331210191, 2.853503184713376, 2.8662420382165608, 2.878980891719745, 2.8917197452229297, 2.904458598726115, 2.9171974522292996, 2.929936305732484, 2.9426751592356686, 2.9554140127388533, 2.9681528662420384, 2.9808917197452227, 2.993630573248408, 3.0063694267515926, 3.0191082802547764, 3.0318471337579616, 3.0445859872611463, 3.0573248407643314, 3.070063694267516, 3.0828025477707013, 3.095541401273885, 3.1082802547770703, 3.121019108280255, 3.1337579617834392, 3.1464968152866244, 3.1592356687898087, 3.171974522292994, 3.184713375796178, 3.1974522292993632, 3.210191082802548, 3.222929936305733, 3.235668789808917, 3.2484076433121016, 3.261146496815287, 3.273885350318471, 3.286624203821656, 3.2993630573248405, 3.3121019108280256, 3.32484076433121, 3.337579617834395, 3.3503184713375798, 3.3630573248407645, 3.3757961783439487, 3.3885350318471334, 3.4012738853503186, 3.4140127388535033, 3.4267515923566885, 3.4394904458598723, 3.452229299363057, 3.464968152866242, 3.4777070063694264, 3.4904458598726116, 3.5031847133757963, 3.515923566878981, 3.5286624203821653, 3.5414012738853504, 3.554140127388535, 3.56687898089172, 3.579617834394905, 3.592356687898089, 3.605095541401274, 3.6178343949044587, 3.630573248407644, 3.643312101910828, 3.6560509554140124, 3.6687898089171975, 3.681528662420382, 3.694267515923567, 3.7070063694267517, 3.719745222929937, 3.7324840764331206, 3.745222929936306, 3.7579617834394905, 3.7707006369426757, 3.78343949044586, 3.796178343949044, 3.8089171974522293, 3.8216560509554136, 3.8343949044585988, 3.8471337579617835, 3.8598726114649686, 3.8726114649681525, 3.885350318471337, 3.8980891719745223, 3.910828025477707, 3.923566878980892, 3.936305732484076, 3.949044585987261, 3.961783439490446, 3.974522292993631, 3.9872611464968153, 4.0, 4.012738853503184, 4.025477707006369, 4.038216560509555, 4.050955414012739, 4.063694267515924, 4.076433121019108, 4.0891719745222925, 4.101910828025478, 4.114649681528662, 4.127388535031847, 4.140127388535032, 4.1528662420382165, 4.165605095541401, 4.178343949044586, 4.191082802547771, 4.203821656050956, 4.2165605095541405, 4.229299363057325, 4.24203821656051, 4.254777070063694, 4.267515923566879, 4.280254777070064, 4.292993630573249, 4.305732484076433, 4.318471337579617, 4.3312101910828025, 4.343949044585988, 4.356687898089173, 4.369426751592356, 4.382165605095541, 4.3949044585987265, 4.407643312101912, 4.420382165605096, 4.43312101910828, 4.445859872611465, 4.45859872611465, 4.471337579617835, 4.484076433121019, 4.496815286624204, 4.509554140127388, 4.522292993630573, 4.535031847133758, 4.547770700636942, 4.560509554140127, 4.5732484076433115, 4.585987261146497, 4.598726114649681, 4.611464968152866, 4.624203821656051, 4.6369426751592355, 4.64968152866242, 4.662420382165605, 4.67515923566879, 4.687898089171974, 4.7006369426751595, 4.713375796178344, 4.726114649681529, 4.738853503184713, 4.7515923566878975, 4.764331210191083, 4.777070063694268, 4.789808917197452, 4.802547770700636, 4.8152866242038215, 4.828025477707007, 4.840764331210192, 4.853503184713376, 4.86624203821656, 4.8789808917197455, 4.89171974522293, 4.904458598726115, 4.917197452229299, 4.929936305732484, 4.942675159235669, 4.955414012738853, 4.968152866242038, 4.980891719745223, 4.993630573248408, 5.006369426751592, 5.019108280254777, 5.031847133757962, 5.044585987261147, 5.057324840764331, 5.070063694267516, 5.082802547770701, 5.095541401273885, 5.10828025477707, 5.121019108280255, 5.13375796178344, 5.146496815286625, 5.159235668789808, 5.171974522292993, 5.1847133757961785, 5.197452229299363, 5.210191082802548, 5.222929936305732, 5.235668789808917, 5.2484076433121025, 5.261146496815288, 5.273885350318471, 5.286624203821655, 5.2993630573248405, 5.312101910828026, 5.324840764331211, 5.337579617834395, 5.35031847133758, 5.363057324840764, 5.375796178343949, 5.388535031847134, 5.401273885350318, 5.414012738853503, 5.426751592356688, 5.439490445859873, 5.452229299363058, 5.464968152866242, 5.477707006369426, 5.490445859872612, 5.503184713375796, 5.515923566878981, 5.528662420382166, 5.54140127388535, 5.554140127388535, 5.56687898089172, 5.579617834394905, 5.592356687898089, 5.6050955414012735, 5.617834394904459, 5.630573248407642, 5.643312101910827, 5.656050955414012, 5.6687898089171975, 5.681528662420382, 5.694267515923567, 5.707006369426752, 5.719745222929936, 5.7324840764331215, 5.745222929936305, 5.75796178343949, 5.770700636942674, 5.7834394904458595, 5.796178343949045, 5.80891719745223, 5.821656050955414, 5.834394904458599, 5.847133757961784, 5.859872611464968, 5.872611464968153, 5.885350318471337, 5.898089171974522, 5.910828025477707, 5.923566878980892, 5.936305732484077, 5.94904458598726, 5.961783439490445, 5.974522292993631, 5.987261146496816, 6.0]
