0.000000000000000000e+00
8.000000000000000167e-03
1.600000000000000033e-02
2.400000000000000050e-02
3.200000000000000067e-02
4.000000000000000083e-02
4.800000000000000100e-02
5.600000000000000117e-02
6.400000000000000133e-02
7.200000000000000844e-02
8.000000000000000167e-02
8.799999999999999489e-02
9.600000000000000200e-02
1.040000000000000091e-01
1.120000000000000023e-01
1.199999999999999956e-01
1.280000000000000027e-01
1.360000000000000098e-01
1.440000000000000169e-01
1.519999999999999962e-01
1.600000000000000033e-01
1.680000000000000104e-01
1.759999999999999898e-01
1.839999999999999969e-01
1.920000000000000040e-01
2.000000000000000111e-01
2.080000000000000182e-01
2.159999999999999976e-01
2.240000000000000047e-01
2.320000000000000118e-01
2.399999999999999911e-01
2.479999999999999982e-01
2.560000000000000053e-01
2.640000000000000124e-01
2.720000000000000195e-01
2.800000000000000266e-01
2.880000000000000338e-01
2.959999999999999853e-01
3.039999999999999925e-01
3.119999999999999996e-01
3.200000000000000067e-01
3.280000000000000138e-01
3.360000000000000209e-01
3.440000000000000280e-01
3.519999999999999796e-01
3.599999999999999867e-01
3.679999999999999938e-01
3.760000000000000009e-01
3.840000000000000080e-01
3.920000000000000151e-01
4.000000000000000222e-01
4.080000000000000293e-01
4.160000000000000364e-01
4.239999999999999880e-01
4.319999999999999951e-01
4.400000000000000022e-01
4.480000000000000093e-01
4.560000000000000164e-01
4.640000000000000235e-01
4.720000000000000306e-01
4.799999999999999822e-01
4.879999999999999893e-01
4.959999999999999964e-01
5.040000000000000036e-01
5.120000000000000107e-01
5.200000000000000178e-01
5.280000000000000249e-01
5.360000000000000320e-01
5.440000000000000391e-01
5.520000000000000462e-01
5.600000000000000533e-01
5.680000000000000604e-01
5.760000000000000675e-01
5.839999999999999636e-01
5.919999999999999707e-01
5.999999999999999778e-01
6.079999999999999849e-01
6.159999999999999920e-01
6.239999999999999991e-01
6.320000000000000062e-01
6.400000000000000133e-01
6.480000000000000204e-01
6.560000000000000275e-01
6.640000000000000346e-01
6.720000000000000417e-01
6.800000000000000488e-01
6.880000000000000560e-01
6.960000000000000631e-01
7.039999999999999591e-01
7.119999999999999662e-01
7.199999999999999734e-01
7.279999999999999805e-01
7.359999999999999876e-01
7.439999999999999947e-01
7.520000000000000018e-01
7.600000000000000089e-01
7.680000000000000160e-01
7.760000000000000231e-01
7.840000000000000302e-01
7.920000000000000373e-01
8.000000000000000444e-01
8.080000000000000515e-01
8.160000000000000586e-01
8.240000000000000657e-01
8.320000000000000728e-01
8.399999999999999689e-01
8.479999999999999760e-01
8.559999999999999831e-01
8.639999999999999902e-01
8.719999999999999973e-01
8.800000000000000044e-01
8.880000000000000115e-01
8.960000000000000187e-01
9.040000000000000258e-01
9.120000000000000329e-01
9.200000000000000400e-01
9.280000000000000471e-01
9.360000000000000542e-01
9.440000000000000613e-01
9.520000000000000684e-01
9.599999999999999645e-01
9.679999999999999716e-01
9.759999999999999787e-01
9.839999999999999858e-01
9.919999999999999929e-01
1.000000000000000000e+00
1.008000000000000007e+00
1.016000000000000014e+00
1.024000000000000021e+00
1.032000000000000028e+00
1.040000000000000036e+00
1.048000000000000043e+00
1.056000000000000050e+00
1.064000000000000057e+00
1.072000000000000064e+00
1.080000000000000071e+00
1.088000000000000078e+00
1.096000000000000085e+00
1.104000000000000092e+00
1.112000000000000099e+00
1.120000000000000107e+00
1.128000000000000114e+00
1.136000000000000121e+00
1.144000000000000128e+00
1.152000000000000135e+00
1.159999999999999920e+00
1.167999999999999927e+00
1.175999999999999934e+00
1.183999999999999941e+00
1.191999999999999948e+00
1.199999999999999956e+00
1.207999999999999963e+00
1.215999999999999970e+00
1.223999999999999977e+00
1.231999999999999984e+00
1.239999999999999991e+00
1.247999999999999998e+00
1.256000000000000005e+00
1.264000000000000012e+00
1.272000000000000020e+00
1.280000000000000027e+00
1.288000000000000034e+00
1.296000000000000041e+00
1.304000000000000048e+00
1.312000000000000055e+00
1.320000000000000062e+00
1.328000000000000069e+00
1.336000000000000076e+00
1.344000000000000083e+00
1.352000000000000091e+00
1.360000000000000098e+00
1.368000000000000105e+00
1.376000000000000112e+00
1.384000000000000119e+00
1.392000000000000126e+00
1.400000000000000133e+00
1.407999999999999918e+00
1.415999999999999925e+00
1.423999999999999932e+00
1.431999999999999940e+00
1.439999999999999947e+00
1.447999999999999954e+00
1.455999999999999961e+00
1.463999999999999968e+00
1.471999999999999975e+00
1.479999999999999982e+00
1.487999999999999989e+00
1.495999999999999996e+00
1.504000000000000004e+00
1.512000000000000011e+00
1.520000000000000018e+00
1.528000000000000025e+00
1.536000000000000032e+00
1.544000000000000039e+00
1.552000000000000046e+00
1.560000000000000053e+00
1.568000000000000060e+00
1.576000000000000068e+00
1.584000000000000075e+00
1.592000000000000082e+00
1.600000000000000089e+00
1.608000000000000096e+00
1.616000000000000103e+00
1.624000000000000110e+00
1.632000000000000117e+00
1.640000000000000124e+00
1.648000000000000131e+00
1.656000000000000139e+00
1.664000000000000146e+00
1.671999999999999931e+00
1.679999999999999938e+00
1.687999999999999945e+00
1.695999999999999952e+00
1.703999999999999959e+00
1.711999999999999966e+00
1.719999999999999973e+00
1.727999999999999980e+00
1.735999999999999988e+00
1.743999999999999995e+00
1.752000000000000002e+00
1.760000000000000009e+00
1.768000000000000016e+00
1.776000000000000023e+00
1.784000000000000030e+00
1.792000000000000037e+00
1.800000000000000044e+00
1.808000000000000052e+00
1.816000000000000059e+00
1.824000000000000066e+00
1.832000000000000073e+00
1.840000000000000080e+00
1.848000000000000087e+00
1.856000000000000094e+00
1.864000000000000101e+00
1.872000000000000108e+00
1.880000000000000115e+00
1.888000000000000123e+00
1.896000000000000130e+00
1.904000000000000137e+00
1.912000000000000144e+00
1.919999999999999929e+00
1.927999999999999936e+00
1.935999999999999943e+00
1.943999999999999950e+00
1.951999999999999957e+00
1.959999999999999964e+00
1.967999999999999972e+00
1.975999999999999979e+00
1.983999999999999986e+00
1.991999999999999993e+00
2.000000000000000000e+00
2.008000000000000007e+00
2.016000000000000014e+00
2.024000000000000021e+00
2.032000000000000028e+00
2.040000000000000036e+00
2.048000000000000043e+00
2.056000000000000050e+00
2.064000000000000057e+00
2.072000000000000064e+00
2.080000000000000071e+00
2.088000000000000078e+00
2.096000000000000085e+00
2.104000000000000092e+00
2.112000000000000099e+00
2.120000000000000107e+00
2.128000000000000114e+00
2.136000000000000121e+00
2.144000000000000128e+00
2.152000000000000135e+00
2.160000000000000142e+00
2.168000000000000149e+00
2.176000000000000156e+00
2.184000000000000163e+00
2.192000000000000171e+00
2.200000000000000178e+00
2.208000000000000185e+00
2.216000000000000192e+00
2.224000000000000199e+00
2.232000000000000206e+00
2.240000000000000213e+00
2.248000000000000220e+00
2.256000000000000227e+00
2.264000000000000234e+00
2.272000000000000242e+00
2.280000000000000249e+00
2.288000000000000256e+00
2.296000000000000263e+00
2.304000000000000270e+00
2.311999999999999833e+00
2.319999999999999840e+00
2.327999999999999847e+00
2.335999999999999854e+00
2.343999999999999861e+00
2.351999999999999869e+00
2.359999999999999876e+00
2.367999999999999883e+00
2.375999999999999890e+00
2.383999999999999897e+00
2.391999999999999904e+00
2.399999999999999911e+00
2.407999999999999918e+00
2.415999999999999925e+00
2.423999999999999932e+00
2.431999999999999940e+00
2.439999999999999947e+00
2.447999999999999954e+00
2.455999999999999961e+00
2.463999999999999968e+00
2.471999999999999975e+00
2.479999999999999982e+00
2.487999999999999989e+00
2.495999999999999996e+00
2.504000000000000004e+00
2.512000000000000011e+00
2.520000000000000018e+00
2.528000000000000025e+00
2.536000000000000032e+00
2.544000000000000039e+00
2.552000000000000046e+00
2.560000000000000053e+00
2.568000000000000060e+00
2.576000000000000068e+00
2.584000000000000075e+00
2.592000000000000082e+00
2.600000000000000089e+00
2.608000000000000096e+00
2.616000000000000103e+00
2.624000000000000110e+00
2.632000000000000117e+00
2.640000000000000124e+00
2.648000000000000131e+00
2.656000000000000139e+00
2.664000000000000146e+00
2.672000000000000153e+00
2.680000000000000160e+00
2.688000000000000167e+00
2.696000000000000174e+00
2.704000000000000181e+00
2.712000000000000188e+00
2.720000000000000195e+00
2.728000000000000203e+00
2.736000000000000210e+00
2.744000000000000217e+00
2.752000000000000224e+00
2.760000000000000231e+00
2.768000000000000238e+00
2.776000000000000245e+00
2.784000000000000252e+00
2.792000000000000259e+00
2.800000000000000266e+00
2.808000000000000274e+00
2.815999999999999837e+00
2.823999999999999844e+00
2.831999999999999851e+00
2.839999999999999858e+00
2.847999999999999865e+00
2.855999999999999872e+00
2.863999999999999879e+00
2.871999999999999886e+00
2.879999999999999893e+00
2.887999999999999901e+00
2.895999999999999908e+00
2.903999999999999915e+00
2.911999999999999922e+00
2.919999999999999929e+00
2.927999999999999936e+00
2.935999999999999943e+00
2.943999999999999950e+00
2.951999999999999957e+00
2.959999999999999964e+00
2.967999999999999972e+00
2.975999999999999979e+00
2.983999999999999986e+00
2.991999999999999993e+00
3.000000000000000000e+00
3.008000000000000007e+00
3.016000000000000014e+00
3.024000000000000021e+00
3.032000000000000028e+00
3.040000000000000036e+00
3.048000000000000043e+00
3.056000000000000050e+00
3.064000000000000057e+00
3.072000000000000064e+00
3.080000000000000071e+00
3.088000000000000078e+00
3.096000000000000085e+00
3.104000000000000092e+00
3.112000000000000099e+00
3.120000000000000107e+00
3.128000000000000114e+00
3.136000000000000121e+00
3.144000000000000128e+00
3.152000000000000135e+00
3.160000000000000142e+00
3.168000000000000149e+00
3.176000000000000156e+00
3.184000000000000163e+00
3.192000000000000171e+00
3.200000000000000178e+00
3.208000000000000185e+00
3.216000000000000192e+00
3.224000000000000199e+00
3.232000000000000206e+00
3.240000000000000213e+00
3.248000000000000220e+00
3.256000000000000227e+00
3.264000000000000234e+00
3.272000000000000242e+00
3.280000000000000249e+00
3.288000000000000256e+00
3.296000000000000263e+00
3.304000000000000270e+00
3.312000000000000277e+00
3.320000000000000284e+00
3.328000000000000291e+00
3.335999999999999854e+00
3.343999999999999861e+00
3.351999999999999869e+00
3.359999999999999876e+00
3.367999999999999883e+00
3.375999999999999890e+00
3.383999999999999897e+00
3.391999999999999904e+00
3.399999999999999911e+00
3.407999999999999918e+00
3.415999999999999925e+00
3.423999999999999932e+00
3.431999999999999940e+00
3.439999999999999947e+00
3.447999999999999954e+00
3.455999999999999961e+00
3.463999999999999968e+00
3.471999999999999975e+00
3.479999999999999982e+00
3.487999999999999989e+00
3.495999999999999996e+00
3.504000000000000004e+00
3.512000000000000011e+00
3.520000000000000018e+00
3.528000000000000025e+00
3.536000000000000032e+00
3.544000000000000039e+00
3.552000000000000046e+00
3.560000000000000053e+00
3.568000000000000060e+00
3.576000000000000068e+00
3.584000000000000075e+00
3.592000000000000082e+00
3.600000000000000089e+00
3.608000000000000096e+00
3.616000000000000103e+00
3.624000000000000110e+00
3.632000000000000117e+00
3.640000000000000124e+00
3.648000000000000131e+00
3.656000000000000139e+00
3.664000000000000146e+00
3.672000000000000153e+00
3.680000000000000160e+00
3.688000000000000167e+00
3.696000000000000174e+00
3.704000000000000181e+00
3.712000000000000188e+00
3.720000000000000195e+00
3.728000000000000203e+00
3.736000000000000210e+00
3.744000000000000217e+00
3.752000000000000224e+00
3.760000000000000231e+00
3.768000000000000238e+00
3.776000000000000245e+00
3.784000000000000252e+00
3.792000000000000259e+00
3.800000000000000266e+00
3.808000000000000274e+00
3.816000000000000281e+00
3.824000000000000288e+00
3.832000000000000295e+00
3.839999999999999858e+00
3.847999999999999865e+00
3.855999999999999872e+00
3.863999999999999879e+00
3.871999999999999886e+00
3.879999999999999893e+00
3.887999999999999901e+00
3.895999999999999908e+00
3.903999999999999915e+00
3.911999999999999922e+00
3.919999999999999929e+00
3.927999999999999936e+00
3.935999999999999943e+00
3.943999999999999950e+00
3.951999999999999957e+00
3.959999999999999964e+00
3.967999999999999972e+00
3.975999999999999979e+00
3.983999999999999986e+00
3.991999999999999993e+00
4.000000000000000000e+00
4.008000000000000007e+00
4.016000000000000014e+00
4.024000000000000021e+00
4.032000000000000028e+00
4.040000000000000036e+00
4.048000000000000043e+00
4.056000000000000050e+00
4.064000000000000057e+00
4.072000000000000064e+00
4.080000000000000071e+00
4.088000000000000078e+00
4.096000000000000085e+00
4.104000000000000092e+00
4.112000000000000099e+00
4.120000000000000107e+00
4.128000000000000114e+00
4.136000000000000121e+00
4.144000000000000128e+00
4.152000000000000135e+00
4.160000000000000142e+00
4.168000000000000149e+00
4.176000000000000156e+00
4.184000000000000163e+00
4.192000000000000171e+00
4.200000000000000178e+00
4.208000000000000185e+00
4.216000000000000192e+00
4.224000000000000199e+00
4.232000000000000206e+00
4.240000000000000213e+00
4.248000000000000220e+00
4.256000000000000227e+00
4.264000000000000234e+00
4.272000000000000242e+00
4.280000000000000249e+00
4.288000000000000256e+00
4.296000000000000263e+00
4.304000000000000270e+00
4.312000000000000277e+00
4.320000000000000284e+00
4.328000000000000291e+00
4.336000000000000298e+00
4.344000000000000306e+00
4.352000000000000313e+00
4.360000000000000320e+00
4.368000000000000327e+00
4.376000000000000334e+00
4.384000000000000341e+00
4.392000000000000348e+00
4.400000000000000355e+00
4.408000000000000362e+00
4.416000000000000369e+00
4.424000000000000377e+00
4.432000000000000384e+00
4.440000000000000391e+00
4.448000000000000398e+00
4.456000000000000405e+00
4.464000000000000412e+00
4.472000000000000419e+00
4.480000000000000426e+00
4.488000000000000433e+00
4.496000000000000441e+00
4.504000000000000448e+00
4.512000000000000455e+00
4.520000000000000462e+00
4.528000000000000469e+00
4.536000000000000476e+00
4.544000000000000483e+00
4.552000000000000490e+00
4.560000000000000497e+00
4.568000000000000504e+00
4.576000000000000512e+00
4.584000000000000519e+00
4.592000000000000526e+00
4.600000000000000533e+00
4.608000000000000540e+00
4.615999999999999659e+00
4.623999999999999666e+00
4.631999999999999673e+00
4.639999999999999680e+00
4.647999999999999687e+00
4.655999999999999694e+00
4.663999999999999702e+00
4.671999999999999709e+00
4.679999999999999716e+00
4.687999999999999723e+00
4.695999999999999730e+00
4.703999999999999737e+00
4.711999999999999744e+00
4.719999999999999751e+00
4.727999999999999758e+00
4.735999999999999766e+00
4.743999999999999773e+00
4.751999999999999780e+00
4.759999999999999787e+00
4.767999999999999794e+00
4.775999999999999801e+00
4.783999999999999808e+00
4.791999999999999815e+00
4.799999999999999822e+00
4.807999999999999829e+00
4.815999999999999837e+00
4.823999999999999844e+00
4.831999999999999851e+00
4.839999999999999858e+00
4.847999999999999865e+00
4.855999999999999872e+00
4.863999999999999879e+00
4.871999999999999886e+00
4.879999999999999893e+00
4.887999999999999901e+00
4.895999999999999908e+00
4.903999999999999915e+00
4.911999999999999922e+00
4.919999999999999929e+00
4.927999999999999936e+00
4.935999999999999943e+00
4.943999999999999950e+00
4.951999999999999957e+00
4.959999999999999964e+00
4.967999999999999972e+00
4.975999999999999979e+00
4.983999999999999986e+00
4.991999999999999993e+00
5.000000000000000000e+00
5.008000000000000007e+00
5.016000000000000014e+00
5.024000000000000021e+00
5.032000000000000028e+00
5.040000000000000036e+00
5.048000000000000043e+00
5.056000000000000050e+00
5.064000000000000057e+00
5.072000000000000064e+00
5.080000000000000071e+00
5.088000000000000078e+00
5.096000000000000085e+00
5.104000000000000092e+00
5.112000000000000099e+00
5.120000000000000107e+00
5.128000000000000114e+00
5.136000000000000121e+00
5.144000000000000128e+00
5.152000000000000135e+00
5.160000000000000142e+00
5.168000000000000149e+00
5.176000000000000156e+00
5.184000000000000163e+00
5.192000000000000171e+00
5.200000000000000178e+00
5.208000000000000185e+00
5.216000000000000192e+00
5.224000000000000199e+00
5.232000000000000206e+00
5.240000000000000213e+00
5.248000000000000220e+00
5.256000000000000227e+00
5.264000000000000234e+00
5.272000000000000242e+00
5.280000000000000249e+00
5.288000000000000256e+00
5.296000000000000263e+00
5.304000000000000270e+00
5.312000000000000277e+00
5.320000000000000284e+00
5.328000000000000291e+00
5.336000000000000298e+00
5.344000000000000306e+00
5.352000000000000313e+00
5.360000000000000320e+00
5.368000000000000327e+00
5.376000000000000334e+00
5.384000000000000341e+00
5.392000000000000348e+00
5.400000000000000355e+00
5.408000000000000362e+00
5.416000000000000369e+00
5.424000000000000377e+00
5.432000000000000384e+00
5.440000000000000391e+00
5.448000000000000398e+00
5.456000000000000405e+00
5.464000000000000412e+00
5.472000000000000419e+00
5.480000000000000426e+00
5.488000000000000433e+00
5.496000000000000441e+00
5.504000000000000448e+00
5.512000000000000455e+00
5.520000000000000462e+00
5.528000000000000469e+00
5.536000000000000476e+00
5.544000000000000483e+00
5.552000000000000490e+00
5.560000000000000497e+00
5.568000000000000504e+00
5.576000000000000512e+00
5.584000000000000519e+00
5.592000000000000526e+00
5.600000000000000533e+00
5.608000000000000540e+00
5.616000000000000547e+00
5.624000000000000554e+00
5.631999999999999673e+00
5.639999999999999680e+00
5.647999999999999687e+00
5.655999999999999694e+00
5.663999999999999702e+00
5.671999999999999709e+00
5.679999999999999716e+00
5.687999999999999723e+00
5.695999999999999730e+00
5.703999999999999737e+00
5.711999999999999744e+00
5.719999999999999751e+00
5.727999999999999758e+00
5.735999999999999766e+00
5.743999999999999773e+00
5.751999999999999780e+00
5.759999999999999787e+00
5.767999999999999794e+00
5.775999999999999801e+00
5.783999999999999808e+00
5.791999999999999815e+00
5.799999999999999822e+00
5.807999999999999829e+00
5.815999999999999837e+00
5.823999999999999844e+00
5.831999999999999851e+00
5.839999999999999858e+00
5.847999999999999865e+00
5.855999999999999872e+00
5.863999999999999879e+00
5.871999999999999886e+00
5.879999999999999893e+00
5.887999999999999901e+00
5.895999999999999908e+00
5.903999999999999915e+00
5.911999999999999922e+00
5.919999999999999929e+00
5.927999999999999936e+00
5.935999999999999943e+00
5.943999999999999950e+00
5.951999999999999957e+00
5.959999999999999964e+00
5.967999999999999972e+00
5.975999999999999979e+00
5.983999999999999986e+00
5.991999999999999993e+00
6.000000000000000000e+00
6.008000000000000007e+00
6.016000000000000014e+00
6.024000000000000021e+00
6.032000000000000028e+00
6.040000000000000036e+00
6.048000000000000043e+00
6.056000000000000050e+00
6.064000000000000057e+00
6.072000000000000064e+00
6.080000000000000071e+00
6.088000000000000078e+00
6.096000000000000085e+00
6.104000000000000092e+00
6.112000000000000099e+00
6.120000000000000107e+00
6.128000000000000114e+00
6.136000000000000121e+00
6.144000000000000128e+00
6.152000000000000135e+00
6.160000000000000142e+00
6.168000000000000149e+00
6.176000000000000156e+00
6.184000000000000163e+00
6.192000000000000171e+00
6.200000000000000178e+00
6.208000000000000185e+00
6.216000000000000192e+00
6.224000000000000199e+00
6.232000000000000206e+00
6.240000000000000213e+00
6.248000000000000220e+00
6.256000000000000227e+00
6.264000000000000234e+00
6.272000000000000242e+00
6.280000000000000249e+00
6.288000000000000256e+00
6.296000000000000263e+00
6.304000000000000270e+00
6.312000000000000277e+00
6.320000000000000284e+00
6.328000000000000291e+00
6.336000000000000298e+00
6.344000000000000306e+00
6.352000000000000313e+00
6.360000000000000320e+00
6.368000000000000327e+00
6.376000000000000334e+00
6.384000000000000341e+00
6.392000000000000348e+00
6.400000000000000355e+00
6.408000000000000362e+00
6.416000000000000369e+00
6.424000000000000377e+00
6.432000000000000384e+00
6.440000000000000391e+00
6.448000000000000398e+00
6.456000000000000405e+00
6.464000000000000412e+00
6.472000000000000419e+00
6.480000000000000426e+00
6.488000000000000433e+00
6.496000000000000441e+00
6.504000000000000448e+00
6.512000000000000455e+00
6.520000000000000462e+00
6.528000000000000469e+00
6.536000000000000476e+00
6.544000000000000483e+00
6.552000000000000490e+00
6.560000000000000497e+00
6.568000000000000504e+00
6.576000000000000512e+00
6.584000000000000519e+00
6.592000000000000526e+00
6.600000000000000533e+00
6.608000000000000540e+00
6.616000000000000547e+00
6.624000000000000554e+00
6.632000000000000561e+00
6.640000000000000568e+00
6.648000000000000576e+00
6.656000000000000583e+00
6.663999999999999702e+00
6.671999999999999709e+00
6.679999999999999716e+00
6.687999999999999723e+00
6.695999999999999730e+00
6.703999999999999737e+00
6.711999999999999744e+00
6.719999999999999751e+00
6.727999999999999758e+00
6.735999999999999766e+00
6.743999999999999773e+00
6.751999999999999780e+00
6.759999999999999787e+00
6.767999999999999794e+00
6.775999999999999801e+00
6.783999999999999808e+00
6.791999999999999815e+00
6.799999999999999822e+00
6.807999999999999829e+00
6.815999999999999837e+00
6.823999999999999844e+00
6.831999999999999851e+00
6.839999999999999858e+00
6.847999999999999865e+00
6.855999999999999872e+00
6.863999999999999879e+00
6.871999999999999886e+00
6.879999999999999893e+00
6.887999999999999901e+00
6.895999999999999908e+00
6.903999999999999915e+00
6.911999999999999922e+00
6.919999999999999929e+00
6.927999999999999936e+00
6.935999999999999943e+00
6.943999999999999950e+00
6.951999999999999957e+00
6.959999999999999964e+00
6.967999999999999972e+00
6.975999999999999979e+00
6.983999999999999986e+00
6.991999999999999993e+00
7.000000000000000000e+00
7.008000000000000007e+00
7.016000000000000014e+00
7.024000000000000021e+00
7.032000000000000028e+00
7.040000000000000036e+00
7.048000000000000043e+00
7.056000000000000050e+00
7.064000000000000057e+00
7.072000000000000064e+00
7.080000000000000071e+00
7.088000000000000078e+00
7.096000000000000085e+00
7.104000000000000092e+00
7.112000000000000099e+00
7.120000000000000107e+00
7.128000000000000114e+00
7.136000000000000121e+00
7.144000000000000128e+00
7.152000000000000135e+00
7.160000000000000142e+00
7.168000000000000149e+00
7.176000000000000156e+00
7.184000000000000163e+00
7.192000000000000171e+00
7.200000000000000178e+00
7.208000000000000185e+00
7.216000000000000192e+00
7.224000000000000199e+00
7.232000000000000206e+00
7.240000000000000213e+00
7.248000000000000220e+00
7.256000000000000227e+00
7.264000000000000234e+00
7.272000000000000242e+00
7.280000000000000249e+00
7.288000000000000256e+00
7.296000000000000263e+00
7.304000000000000270e+00
7.312000000000000277e+00
7.320000000000000284e+00
7.328000000000000291e+00
7.336000000000000298e+00
7.344000000000000306e+00
7.352000000000000313e+00
7.360000000000000320e+00
7.368000000000000327e+00
7.376000000000000334e+00
7.384000000000000341e+00
7.392000000000000348e+00
7.400000000000000355e+00
7.408000000000000362e+00
7.416000000000000369e+00
7.424000000000000377e+00
7.432000000000000384e+00
7.440000000000000391e+00
7.448000000000000398e+00
7.456000000000000405e+00
7.464000000000000412e+00
7.472000000000000419e+00
7.480000000000000426e+00
7.488000000000000433e+00
7.496000000000000441e+00
7.504000000000000448e+00
7.512000000000000455e+00
7.520000000000000462e+00
7.528000000000000469e+00
7.536000000000000476e+00
7.544000000000000483e+00
7.552000000000000490e+00
7.560000000000000497e+00
7.568000000000000504e+00
7.576000000000000512e+00
7.584000000000000519e+00
7.592000000000000526e+00
7.600000000000000533e+00
7.608000000000000540e+00
7.616000000000000547e+00
7.624000000000000554e+00
7.632000000000000561e+00
7.640000000000000568e+00
7.648000000000000576e+00
7.656000000000000583e+00
7.664000000000000590e+00
7.672000000000000597e+00
7.679999999999999716e+00
7.687999999999999723e+00
7.695999999999999730e+00
7.703999999999999737e+00
7.711999999999999744e+00
7.719999999999999751e+00
7.727999999999999758e+00
7.735999999999999766e+00
7.743999999999999773e+00
7.751999999999999780e+00
7.759999999999999787e+00
7.767999999999999794e+00
7.775999999999999801e+00
7.783999999999999808e+00
7.791999999999999815e+00
7.799999999999999822e+00
7.807999999999999829e+00
7.815999999999999837e+00
7.823999999999999844e+00
7.831999999999999851e+00
7.839999999999999858e+00
7.847999999999999865e+00
7.855999999999999872e+00
7.863999999999999879e+00
7.871999999999999886e+00
7.879999999999999893e+00
7.887999999999999901e+00
7.895999999999999908e+00
7.903999999999999915e+00
7.911999999999999922e+00
7.919999999999999929e+00
7.927999999999999936e+00
7.935999999999999943e+00
7.943999999999999950e+00
7.951999999999999957e+00
7.959999999999999964e+00
7.967999999999999972e+00
7.975999999999999979e+00
7.983999999999999986e+00
7.991999999999999993e+00
8.000000000000000000e+00
8.008000000000000895e+00
8.016000000000000014e+00
8.024000000000000909e+00
8.032000000000000028e+00
8.040000000000000924e+00
8.048000000000000043e+00
8.056000000000000938e+00
8.064000000000000057e+00
8.072000000000000952e+00
8.080000000000000071e+00
8.088000000000000966e+00
8.096000000000000085e+00
8.104000000000000981e+00
8.112000000000000099e+00
8.120000000000000995e+00
8.128000000000000114e+00
8.136000000000001009e+00
8.144000000000000128e+00
8.152000000000001023e+00
8.160000000000000142e+00
8.168000000000001037e+00
8.176000000000000156e+00
8.184000000000001052e+00
8.192000000000000171e+00
8.199999999999999289e+00
8.208000000000000185e+00
8.215999999999999304e+00
8.224000000000000199e+00
8.231999999999999318e+00
8.240000000000000213e+00
8.247999999999999332e+00
8.256000000000000227e+00
8.263999999999999346e+00
8.272000000000000242e+00
8.279999999999999361e+00
8.288000000000000256e+00
8.295999999999999375e+00
8.304000000000000270e+00
8.311999999999999389e+00
8.320000000000000284e+00
8.327999999999999403e+00
8.336000000000000298e+00
8.343999999999999417e+00
8.352000000000000313e+00
8.359999999999999432e+00
8.368000000000000327e+00
8.375999999999999446e+00
8.384000000000000341e+00
8.391999999999999460e+00
8.400000000000000355e+00
