Hermiticity check passed!
Symmetry checks passed!
Hermiticity check passed!
Symmetry checks passed!
Hermiticity check passed!
Symmetry checks passed!
  (0, 0)	-50.0
  (0, 1)	-40.033597
  (1, 0)	-40.03359700000002
  (1, 1)	-42.0
  (1, 2)	-16.0134388
  (1, 3)	-16.0134388
  (1, 8)	-16.0134388
  (1, 9)	-22.64642233119154
  (1, 11)	-22.64642233119154
  (1, 78)	-16.0134388
  (1, 79)	-22.64642233119154
  (1, 81)	-22.64642233119154
  (2, 1)	-16.0134388
  (2, 2)	-38.0
  (2, 4)	-16.0134388
  (2, 5)	-8.0067194
  (2, 10)	-16.0134388
  (2, 13)	-16.0134388
  (2, 17)	-11.32321116559577
  (2, 80)	-16.0134388
  (2, 83)	-16.0134388
  (2, 87)	-11.32321116559577
  (3, 1)	-16.0134388
  (3, 3)	-34.0
  (3, 4)	-8.0067194
  :	:
  (340877, 339095)	-16.0134388
  (340877, 340761)	-11.32321116559577
  (340877, 340768)	-11.32321116559577
  (340877, 340822)	-11.32321116559577
  (340877, 340825)	-16.0134388
  (340877, 340844)	-8.0067194
  (340877, 340855)	-11.32321116559577
  (340877, 340862)	-11.32321116559577
  (340877, 340863)	-16.0134388
  (340877, 340871)	-11.32321116559577
  (340877, 340873)	-11.32321116559577
  (340877, 340877)	-34.0
  (340877, 340878)	-22.64642233119154
  (340878, 339096)	-16.0134388
  (340878, 340769)	-16.0134388
  (340878, 340826)	-16.0134388
  (340878, 340864)	-22.64642233119154
  (340878, 340874)	-22.64642233119154
  (340878, 340875)	-16.0134388
  (340878, 340876)	-22.64642233119154
  (340878, 340877)	-22.64642233119154
  (340878, 340878)	-42.0
  (340878, 340879)	-40.03359700000002
  (340879, 340878)	-40.033597
  (340879, 340879)	-50.0
  (0, 0)	-25.0
  (1, 1)	-23.0
  (2, 2)	-21.0
  (3, 3)	-21.0
  (4, 4)	-19.0
  (5, 5)	-19.0
  (6, 6)	-17.0
  (7, 7)	-15.0
  (8, 8)	-21.0
  (9, 9)	-21.0
  (10, 10)	-19.0
  (11, 11)	-21.0
  (12, 12)	-19.0
  (13, 13)	-19.0
  (14, 14)	-17.0
  (15, 15)	-19.0
  (16, 16)	-17.0
  (17, 17)	-19.0
  (18, 18)	-17.0
  (19, 19)	-17.0
  (20, 20)	-15.0
  (21, 21)	-19.0
  (22, 22)	-17.0
  (23, 23)	-17.0
  (24, 24)	-15.0
  :	:
  (340855, 340855)	19.0
  (340856, 340856)	17.0
  (340857, 340857)	17.0
  (340858, 340858)	17.0
  (340859, 340859)	17.0
  (340860, 340860)	19.0
  (340861, 340861)	19.0
  (340862, 340862)	19.0
  (340863, 340863)	19.0
  (340864, 340864)	21.0
  (340865, 340865)	17.0
  (340866, 340866)	17.0
  (340867, 340867)	19.0
  (340868, 340868)	15.0
  (340869, 340869)	17.0
  (340870, 340870)	19.0
  (340871, 340871)	19.0
  (340872, 340872)	19.0
  (340873, 340873)	19.0
  (340874, 340874)	21.0
  (340875, 340875)	21.0
  (340876, 340876)	21.0
  (340877, 340877)	21.0
  (340878, 340878)	23.0
  (340879, 340879)	25.0
[-201.75381863 -190.04882556]
[[-0.00093208 -0.00393689]
 [-0.00353322 -0.01377236]
 [-0.00303222 -0.01080221]
 ...
 [-0.00378865  0.01353299]
 [-0.00353322  0.01377236]
 [-0.00093208  0.00393689]]
[-25. -23.]
[[ 1.00000000e+00  2.62193994e-15]
 [ 2.18418263e-15 -1.00000000e+00]
 [-1.37092619e-17  1.15082146e-15]
 ...
 [ 7.03463099e-16 -2.44286972e-16]
 [ 2.69445807e-16 -1.08408521e-16]
 [-1.59616365e-15 -4.02975785e-16]]
[[ 1.00000000e+00+0.00000000e+00j  2.18418263e-15+0.00000000e+00j
  -1.37092619e-17+0.00000000e+00j ...  7.03463099e-16+0.00000000e+00j
   2.69445807e-16+0.00000000e+00j -1.59616365e-15+0.00000000e+00j]
 [ 8.09016606e-01+4.44223121e-01j -1.64995676e-01+3.31377528e-01j
  -2.69331579e-02-1.25213651e-02j ...  6.71211723e-16+2.12437626e-16j
   4.20651618e-16-3.74717607e-16j -1.35027567e-15-6.27303950e-16j]
 [ 3.81226553e-01+6.16998146e-01j -4.71052699e-01+3.46957697e-01j
  -6.00765720e-02-7.29092748e-02j ...  5.56477029e-16+3.97411952e-16j
   7.19711926e-16-4.40595014e-16j -7.66155931e-16-9.35574718e-16j]
 ...
 [ 1.21814412e-01+2.42807906e-01j  2.68358836e-02-1.49977989e-03j
  -1.19084948e-01-1.76648064e-01j ... -3.08150077e-02-9.36398784e-02j
  -1.39834308e-01+8.96016100e-03j -8.67737267e-02-1.30565127e-01j]
 [-1.95152098e-02+2.79777539e-01j  1.51007900e-02+3.68519043e-02j
  -2.50760900e-02-2.02292326e-01j ...  6.20682703e-03-1.23618095e-01j
   4.06059126e-02-1.49344030e-02j  1.42108163e-03-1.74161757e-01j]
 [-1.68563394e-01+2.29539338e-01j -2.91844363e-02+4.57917382e-02j
   7.50586158e-02-1.82250680e-01j ...  3.36663141e-02-8.61287102e-02j
   1.56442064e-01+1.14765372e-01j  5.93785331e-02-1.10960322e-01j]]
[1.0000000000000013, 0.9999999999999276, 0.9999999999997331, 0.9999999999999736, 1.0000000000000049, 1.0000000000000142, 1.0000000000000009, 1.0000000000000102, 1.0000000000000036, 1.000000000000004, 0.9999999999999993, 1.000000000000007, 1.0000000000000036, 1.0000000000000036, 1.0000000000000053, 1.0000000000000049, 1.0000000000000044, 1.000000000000004, 1.0000000000000044, 1.0000000000000036, 1.000000000000004, 1.000000000000004, 1.000000000000004, 1.000000000000003, 1.000000000000003, 1.0000000000000036, 1.0000000000000027, 1.0000000000000036, 1.000000000000007, 1.000000000000004, 1.000000000000004, 1.0000000000000022, 1.0000000000000013, 1.0000000000000049, 1.0000000000000036, 0.9999999999999936, 0.9999999999999956, 0.9999999999999962, 0.9999999999999918, 0.9999999999999969, 1.0000000000000053, 0.999999999999996, 1.0000000000000084, 0.9999999999999989, 1.0000000000000036, 1.0000000000000013, 1.0000000000000022, 1.0000000000000004, 1.0000000000000049, 0.9999999999999967, 0.9999999999999969, 1.0000000000000018, 1.0000000000000049, 1.0000000000000022, 1.0000000000000004, 1.0000000000000018, 1.0000000000000018, 1.0000000000000009, 1.0000000000000022, 1.000000000000003, 1.0000000000000022, 1.0000000000000022, 1.0000000000000009, 1.0000000000000009, 1.0000000000000027, 1.0, 1.0000000000000018, 1.0000000000000009, 0.9999999999999967, 0.9999999999999956, 1.0000000000000009, 1.0000000000000004, 1.0000000000000018, 1.0, 1.0000000000000004, 1.0000000000000009, 1.0000000000000049, 0.9999999999999771, 0.9999999999999967, 0.9999999999999882, 1.0000000000000049, 0.9999999999999953, 1.0000000000000107, 1.000000000000007, 0.9999999999999993, 1.0000000000000049, 1.0000000000000018, 1.0000000000000018, 1.0000000000000062, 1.0000000000000009, 1.0, 1.0000000000000027, 1.0000000000000004, 0.9999999999999958, 0.9999999999999991, 1.0000000000000004, 1.0000000000000027, 0.9999999999999996, 1.0000000000000009, 1.0000000000000004, 0.9999999999999987, 0.9999999999999987, 0.9999999999999989, 1.0, 0.9999999999999969, 1.0000000000000013, 1.0, 0.9999999999999964, 1.0000000000000009, 1.0, 0.9999999999999996, 0.9999999999999953, 0.9999999999999996, 1.0000000000000018, 0.9999999999999911, 1.0000000000000036, 1.0000000000000009, 0.9999999999999896, 0.9999999999999913, 0.9999999999999922, 1.0000000000000009, 1.0000000000000009, 0.9999999999999936, 0.9999999999999916, 0.999999999999996, 1.0000000000000075, 0.9999999999999953, 0.9999999999999958, 1.0000000000000018, 1.0000000000000036, 0.9999999999999949, 0.9999999999999989, 0.9999999999999987, 0.9999999999999976, 1.0000000000000004, 0.9999999999999976, 0.9999999999999987, 0.9999999999999998, 0.9999999999999996, 0.9999999999999978, 0.9999999999999951, 0.9999999999999967, 0.9999999999999962, 0.9999999999999976, 1.0000000000000004, 0.9999999999999911, 0.999999999999998, 0.9999999999999947, 0.999999999999998, 1.000000000000003, 0.9999999999999998, 0.9999999999999929, 0.9999999999999929, 0.9999999999999936, 0.999999999999996, 0.999999999999998, 0.9999999999999942, 1.0, 0.9999999999999956, 0.9999999999999929, 0.9999999999999916, 0.9999999999999953, 0.9999999999999905, 0.9999999999999984, 0.999999999999998, 0.9999999999999933, 0.9999999999999998, 0.9999999999999916, 0.9999999999999911, 1.0, 0.9999999999999982, 0.9999999999999984, 1.0000000000000004, 0.9999999999999962, 0.999999999999996, 0.9999999999999944, 1.0000000000000027, 0.999999999999994, 1.0000000000000013, 0.9999999999999905, 0.999999999999994, 0.9999999999999989, 0.9999999999999936, 0.9999999999999958, 0.9999999999999909, 0.9999999999999984, 0.9999999999999922, 0.9999999999999882, 0.9999999999999973, 0.9999999999999982, 0.999999999999996, 0.9999999999999891, 0.9999999999999887, 0.9999999999999907, 0.999999999999992, 0.9999999999999973, 0.9999999999999927, 0.9999999999999927, 0.9999999999999927, 0.9999999999999998, 0.999999999999996]
[-50.00000000000018, -50.000000000002125, -50.00000000003271, -50.00000000001302, -50.00000000000041, -50.000000000000156, -50.00000000000061, -49.99999999999938, -50.00000000000016, -50.00000000000013, -50.00000000000009, -49.9999999999999, -50.000000000000085, -50.00000000000009, -49.99999999999996, -49.99999999999998, -49.99999999999995, -49.999999999999986, -49.99999999999998, -49.99999999999998, -49.99999999999994, -49.999999999999964, -49.99999999999995, -50.0, -49.99999999999995, -49.99999999999994, -49.99999999999992, -49.99999999999994, -49.99999999999986, -49.99999999999992, -49.999999999999915, -49.99999999999994, -50.00000000000035, -50.00000000000006, -50.000000000000306, -50.000000000000206, -50.000000000000306, -50.00000000000011, -50.00000000000024, -49.999999999999815, -49.99999999999977, -50.00000000000034, -50.00000000000016, -49.99999999999973, -49.999999999999595, -50.000000000000426, -49.9999999999997, -49.999999999999964, -49.99999999999959, -50.00000000000026, -50.00000000000011, -49.99999999999936, -49.99999999999916, -49.999999999999844, -49.999999999999716, -49.999999999999744, -49.99999999999973, -49.99999999999987, -49.99999999999967, -49.999999999999744, -49.99999999999964, -49.99999999999971, -49.99999999999973, -49.999999999999744, -49.99999999999961, -49.99999999999984, -49.99999999999969, -49.99999999999986, -49.99999999999999, -49.99999999999994, -49.999999999999545, -50.0, -49.99999999999987, -49.99999999999976, -49.99999999999982, -49.99999999999923, -49.999999999999545, -50.000000000000405, -50.00000000000044, -50.0000000000005, -49.999999999999034, -49.99999999999983, -49.99999999999872, -49.999999999999474, -49.999999999999865, -49.99999999999954, -50.00000000000001, -49.99999999999927, -49.99999999999913, -49.99999999999986, -49.999999999999616, -49.999999999999154, -49.99999999999944, -49.99999999999929, -49.9999999999999, -49.9999999999993, -49.9999999999993, -49.99999999999951, -49.99999999999935, -49.99999999999947, -49.999999999999496, -49.999999999999524, -49.9999999999995, -49.99999999999943, -49.99999999999953, -49.999999999999396, -49.99999999999932, -49.999999999999524, -49.99999999999933, -49.99999999999929, -49.99999999999928, -49.999999999999666, -49.999999999999126, -49.99999999999952, -49.99999999999987, -49.99999999999913, -49.999999999998735, -49.99999999999955, -49.999999999999524, -49.99999999999933, -49.99999999999907, -49.99999999999875, -49.999999999999694, -49.99999999999991, -49.99999999999924, -49.99999999999863, -49.99999999999982, -49.99999999999994, -49.99999999999869, -49.99999999999918, -49.99999999999925, -49.99999999999906, -49.999999999999574, -49.99999999999931, -49.99999999999918, -49.99999999999944, -49.9999999999991, -49.99999999999913, -49.99999999999907, -49.99999999999925, -49.99999999999945, -49.99999999999931, -49.99999999999937, -49.999999999999154, -49.999999999999055, -49.99999999999952, -49.99999999999933, -49.99999999999934, -49.99999999999909, -49.99999999999899, -49.99999999999896, -49.99999999999934, -49.9999999999996, -49.9999999999992, -49.99999999999933, -49.99999999999908, -49.999999999999076, -49.99999999999858, -49.99999999999908, -49.99999999999956, -49.99999999999903, -49.9999999999992, -49.99999999999947, -49.999999999998785, -49.9999999999992, -49.99999999999903, -49.999999999998934, -49.99999999999894, -49.999999999999446, -49.999999999998266, -49.999999999998785, -49.999999999998685, -49.9999999999987, -49.999999999999254, -49.99999999999892, -49.99999999999921, -49.99999999999847, -49.999999999999154, -49.999999999998586, -49.999999999999204, -49.999999999999005, -49.9999999999986, -49.99999999999903, -49.99999999999917, -49.999999999998956, -49.99999999999873, -49.99999999999884, -49.99999999999931, -49.999999999998714, -49.99999999999868, -49.999999999998714, -49.999999999999254, -49.999999999999204, -49.999999999998934, -49.999999999999076, -49.99999999999883, -49.999999999998735, -49.999999999998906, -49.999999999999005, -49.999999999998124, -49.999999999998806]
[8.736730523829891e-16, 0.006347447327362559, 0.024705995766637446, 0.05310719984095911, 0.0885339471902045, 0.1272739804913617, 0.165340591783608, 0.19890543859938992, 0.22469319240119817, 0.24029889685938283, 0.2444025864194597, 0.23686864017580622, 0.21872785845459042, 0.19204839807318536, 0.15970864688659156, 0.12509215005094818, 0.09173230774431936, 0.0629419199987206, 0.04146774652683635, 0.0292106380715543, 0.02704571995284815, 0.03476446944232006, 0.051143275128385034, 0.07412474396668722, 0.1010826343358194, 0.12913196451738218, 0.15544385800678961, 0.17752927962765114, 0.19346474750766648, 0.20204364373342318, 0.2028466285472655, 0.19623265889640293, 0.18325806081610085, 0.16553553227889442, 0.14504851371466412, 0.12393936907043793, 0.10429203461853526, 0.08793054830352992, 0.0762534310494128, 0.07011987280023915, 0.06979735481748754, 0.07497267152076609, 0.08482067530796505, 0.09811881872887156, 0.11339164501476974, 0.12906806138761745, 0.14363518005477954, 0.15577501013911424, 0.16447354832415045, 0.16909525414724264, 0.16941920547527478, 0.16563634691678594, 0.158310200581406, 0.1483061864228995, 0.136697151770502, 0.12465457808909168, 0.11333593858523329, 0.10377863843360087, 0.09680987157151279, 0.09297975417549235, 0.09252255635080246, 0.0953480971357712, 0.10106268764445903, 0.10901659867793105, 0.11837299745959946, 0.1281917014144141, 0.1375199937728741, 0.14548221795317715, 0.15136000621588028, 0.15465586272017884, 0.1551343951069451, 0.15283765257185597, 0.14807356524117357, 0.14137911074505893, 0.13346226957615706, 0.12512881888885788, 0.11720137103561352, 0.11043868244912274, 0.10546310605562574, 0.10270316207130444, 0.10235663715473355, 0.10437752380763174, 0.10848767041239958, 0.11421146887712752, 0.12092953556056128, 0.12794541409774893, 0.13455807348538434, 0.14013253521909877, 0.14416137572264545, 0.14631104103263992, 0.14644871388925687, 0.14464766241934676, 0.14117132193920484, 0.13643856902067006, 0.13097451869868565, 0.12535253241428485, 0.12013384011949942, 0.11581119244514639, 0.1127622778002189, 0.11121735150674367, 0.11124378889779514, 0.11274830691031955, 0.11549564150413032, 0.11914075504825139, 0.12327036879199817, 0.1274488911789347, 0.13126368253056284, 0.13436502313375145, 0.13649703691528386, 0.13751702979764185, 0.1374020764976328, 0.13624307849720896, 0.13422777919325818, 0.1316152427433684, 0.12870499433858762, 0.1258043320360157, 0.1231972458633673, 0.12111795297930451, 0.11973135045646668, 0.11912179975167188, 0.1192907022802812, 0.12016241352090001, 0.12159726540943648, 0.12340988702134516, 0.12539066376608954, 0.12732805881114223, 0.1290296183640888, 0.13033976154886973, 0.13115287491022345, 0.1314207467377623, 0.13115394234273448, 0.1304172937769599, 0.12932021353748355, 0.12800300132163273, 0.1266206592838571, 0.12532593358232244, 0.12425333647196478, 0.12350576552333237, 0.12314503408533252, 0.12318718871132946, 0.12360296139383632, 0.12432314550482527, 0.12524815652373725, 0.1262605995108224, 0.1272393608997335, 0.12807360284024075, 0.12867507690708221, 0.1289873861350808, 0.12899118941379947, 0.12870482452568155, 0.1281803759113724, 0.12749576922833883, 0.12674396821591524, 0.12602071201871956, 0.12541240621783753, 0.12498573548214637, 0.12478030069702499, 0.12480513633291823, 0.12503940410475978, 0.12543697478565335, 0.1259340908561005, 0.12645892239346496, 0.12694163346051712, 0.12732358007053698, 0.12756444773750913, 0.12764646897311288, 0.12757528870693347, 0.12737751336430464, 0.12709543132451337, 0.12677977393559328, 0.1264816462273155, 0.12624485378453268, 0.12609976489319652, 0.12605958160354874, 0.1261194894319851, 0.12625868154919975, 0.12644479348141188, 0.12663991945801092, 0.12680717142319042, 0.12691671347233555, 0.12695034953648252, 0.12690402201271675, 0.1267879367227165, 0.12662440313597145, 0.12644381321804313, 0.126279436834869, 0.12616186162502316, 0.12611393928869247, 0.12614701676849557, 0.12625903700057609, 0.12643480856879047, 0.12664840140434264, 0.12686727822648958, 0.12705748064253167, 0.1271890129162219, 0.12724054311033595, 0.12720267564172485, 0.12707931124765873, 0.12688694339835685, 0.1266520769612039, 0.12640723451833613]
[1.0000000000000002, 0.9872126483104209, 0.949256844133647, 0.887324623256315, 0.8033181130238318, 0.6997371476788287, 0.5795473574859489, 0.44604679859483876, 0.3027461516538299, 0.15327154980729085, 0.0012918359620040134, -0.14953471043447497, -0.2956038705134337, -0.4334106532226683, -0.5596061089768003, -0.6710715432534967, -0.7650099692765049, -0.8390484648618615, -0.8913401664197539, -0.9206521719092019, -0.926426278110057, -0.9088031158544215, -0.868605979261122, -0.8072870567021059, -0.7268443205257974, -0.6297207810428836, -0.5186985420086272, -0.39679822740582976, -0.26719062281667105, -0.13312288374448492, 0.0021424618433550256, 0.1353803549213557, 0.2634536438660829, 0.3833661977513219, 0.49232166644958525, 0.5877879619766585, 0.6675646047936142, 0.729847823013307, 0.7732872166545475, 0.7970281000824785, 0.8007351711660593, 0.7845954980886591, 0.7493013785456122, 0.6960158297195683, 0.6263248820363014, 0.5421812905369393, 0.445843817710426, 0.3398151539199439, 0.22678019914110653, 0.10954519840125217, -0.00902262284738573, -0.12605560191153636, -0.23874685000726997, -0.34441204320777047, -0.4405509354982711, -0.524906988596396, -0.5955229686505704, -0.6507901312532997, -0.6894887322654436, -0.7108180143668419, -0.7144144269486229, -0.7003575195648064, -0.6691635984890866, -0.6217677769643389, -0.5594954474210388, -0.4840244576551963, -0.39733940428638237, -0.3016794967676115, -0.19948142505795285, -0.09331861100064236, 0.014161840125023091, 0.12030322729404515, 0.22250315421349537, 0.3182760198065308, 0.4053128480239094, 0.48153715550692466, 0.5451555012941882, 0.5947013334936586, 0.6290707769944944, 0.6475491248464864, 0.6498270239274386, 0.63600568443062, 0.6065908713444625, 0.56247591209637, 0.5049144218787859, 0.4354838493724779, 0.3560412351767446, 0.26867273087539184, 0.17563845414597323, 0.07931418632131253, -0.01786869850493681, -0.11348379834705126, -0.20516953977998834, -0.29068713515743755, -0.3679754088871986, -0.43520119865463736, -0.49080399784275786, -0.5335335329234138, -0.562479095793419, -0.5770896852844851, -0.5771843387788633, -0.5629524175626629, -0.5349440007177271, -0.4940508957755705, -0.4414790564786468, -0.3787133950122212, -0.3074760949562157, -0.22967959473094915, -0.14737544891770404, -0.06270031233655585, 0.022179656990063724, 0.10512461695140264, 0.1840756655937505, 0.2571068258616794, 0.32247297386962454, 0.37865239330105366, 0.42438281218301216, 0.45869001267403625, 0.48090837437691086, 0.49069298709773923, 0.4880232236853522, 0.47319788193420775, 0.4468221845513975, 0.4097870781512949, 0.3632414132880987, 0.3085577342527287, 0.24729256883368472, 0.18114228174710115, 0.11189572609236391, 0.04138507152078899, -0.028563719821354496, -0.09617927863874581, -0.1597906462189201, -0.21786923482613738, -0.26906583927415206, -0.3122418386501214, -0.3464939612175372, -0.3711722001668132, -0.38589065119185917, -0.3905311959459127, -0.3852400901404615, -0.37041764846382713, -0.3467013658621454, -0.31494298336742954, -0.27618019266607025, -0.23160386222744292, -0.18252183720111048, -0.1303204922208801, -0.07642528212204622, -0.022261531017671112, 0.03078337276320892, 0.08139533688072687, 0.12836560502630076, 0.1706187773662017, 0.20723627988596433, 0.237474898487729, 0.26078011768149656, 0.2767941108439468, 0.2853583316975076, 0.286510768013116, 0.28047804716539576, 0.26766272950007397, 0.24862628085631414, 0.22406836429747162, 0.19480321451952468, 0.1617339400007392, 0.12582562759968233, 0.0880781007508532, 0.04949911341347847, 0.011078662212102493, -0.0262350132149042, -0.06155727975348627, -0.09408644006285762, -0.123120242199382, -0.14806932380574409, -0.16846739113729828, -0.18397798434619245, -0.19439774741849938, -0.19965620920616, -0.19981218886105245, -0.19504705520202595, -0.18565518080878532, -0.17203202240383028, -0.15466031656763327, -0.13409489730957957, -0.11094662074436651, -0.08586583132642663, -0.05952573889383035, -0.032606013383308416, -0.0057768591610081535, 0.020316188625570008, 0.04506649869424193, 0.06791934372954292, 0.08838338370715933, 0.1060403519751305, 0.12055269583035776, 0.131668989506959, 0.13922703148483653, 0.14315464555813961, 0.1434683075653432, 0.14026979899713954]
[0.0, 0.01, 0.02, 0.03, 0.04, 0.05, 0.06, 0.07, 0.08, 0.09, 0.1, 0.11, 0.12, 0.13, 0.14, 0.15, 0.16, 0.17, 0.18, 0.19, 0.2, 0.21, 0.22, 0.23, 0.24, 0.25, 0.26, 0.27, 0.28, 0.29, 0.3, 0.31, 0.32, 0.33, 0.34, 0.35, 0.36, 0.37, 0.38, 0.39, 0.4, 0.41, 0.42, 0.43, 0.44, 0.45, 0.46, 0.47, 0.48, 0.49, 0.5, 0.51, 0.52, 0.53, 0.54, 0.55, 0.56, 0.57, 0.58, 0.59, 0.6, 0.61, 0.62, 0.63, 0.64, 0.65, 0.66, 0.67, 0.68, 0.69, 0.7, 0.71, 0.72, 0.73, 0.74, 0.75, 0.76, 0.77, 0.78, 0.79, 0.8, 0.81, 0.82, 0.83, 0.84, 0.85, 0.86, 0.87, 0.88, 0.89, 0.9, 0.91, 0.92, 0.93, 0.94, 0.95, 0.96, 0.97, 0.98, 0.99, 1.0, 1.01, 1.02, 1.03, 1.04, 1.05, 1.06, 1.07, 1.08, 1.09, 1.1, 1.11, 1.12, 1.13, 1.14, 1.15, 1.16, 1.17, 1.18, 1.19, 1.2, 1.21, 1.22, 1.23, 1.24, 1.25, 1.26, 1.27, 1.28, 1.29, 1.3, 1.31, 1.32, 1.33, 1.34, 1.35, 1.36, 1.37, 1.38, 1.39, 1.4, 1.41, 1.42, 1.43, 1.44, 1.45, 1.46, 1.47, 1.48, 1.49, 1.5, 1.51, 1.52, 1.53, 1.54, 1.55, 1.56, 1.57, 1.58, 1.59, 1.6, 1.61, 1.62, 1.63, 1.64, 1.65, 1.66, 1.67, 1.68, 1.69, 1.7, 1.71, 1.72, 1.73, 1.74, 1.75, 1.76, 1.77, 1.78, 1.79, 1.8, 1.81, 1.82, 1.83, 1.84, 1.85, 1.86, 1.87, 1.88, 1.89, 1.9, 1.91, 1.92, 1.93, 1.94, 1.95, 1.96, 1.97, 1.98, 1.99, 2.0]
