Hermiticity check passed!
Symmetry checks passed!
Hermiticity check passed!
Symmetry checks passed!
Hermiticity check passed!
Symmetry checks passed!
  (0, 0)	-18.0
  (0, 1)	-24.020158199999997
  (1, 0)	-24.020158199999997
  (1, 1)	-10.0
  (1, 2)	-16.0134388
  (1, 4)	-16.0134388
  (1, 5)	-22.64642233119154
  (2, 1)	-16.0134388
  (2, 2)	-6.0
  (2, 3)	-13.868044802747395
  (2, 6)	-16.0134388
  (2, 7)	-11.32321116559577
  (3, 2)	-13.868044802747395
  (3, 3)	-6.0
  (3, 8)	-19.61237704364308
  (4, 1)	-16.0134388
  (4, 4)	-6.0
  (4, 6)	-16.0134388
  (4, 13)	-13.868044802747395
  (4, 14)	-11.32321116559577
  (5, 1)	-22.64642233119154
  (5, 5)	-2.0
  (5, 6)	-11.32321116559577
  (5, 7)	-16.0134388
  (5, 14)	-16.0134388
  :	:
  (30, 26)	-11.32321116559577
  (30, 30)	2.0
  (30, 31)	-11.32321116559577
  (30, 33)	-16.0134388
  (31, 25)	-16.0134388
  (31, 29)	-13.868044802747395
  (31, 30)	-11.32321116559577
  (31, 31)	-6.0
  (31, 34)	-16.0134388
  (32, 24)	-19.61237704364308
  (32, 32)	6.0
  (32, 33)	-13.868044802747395
  (33, 25)	-11.32321116559577
  (33, 27)	-16.0134388
  (33, 30)	-16.0134388
  (33, 32)	-13.868044802747395
  (33, 33)	-2.0
  (33, 34)	-22.64642233119154
  (34, 28)	-16.0134388
  (34, 31)	-16.0134388
  (34, 33)	-22.64642233119154
  (34, 34)	-10.0
  (34, 35)	-24.020158199999997
  (35, 34)	-24.020158199999997
  (35, 35)	-18.0
  (0, 0)	-9.0
  (1, 1)	-7.0
  (2, 2)	-5.0
  (3, 3)	-3.0
  (4, 4)	-5.0
  (5, 5)	-5.0
  (6, 6)	-3.0
  (7, 7)	-3.0
  (8, 8)	-1.0
  (9, 9)	-1.0
  (10, 10)	-1.0
  (11, 11)	1.0
  (12, 12)	3.0
  (13, 13)	-3.0
  (14, 14)	-3.0
  (15, 15)	-1.0
  (16, 16)	-1.0
  (17, 17)	1.0
  (18, 18)	-1.0
  (19, 19)	-3.0
  (20, 20)	-1.0
  (21, 21)	1.0
  (22, 22)	1.0
  (23, 23)	1.0
  (24, 24)	1.0
  (25, 25)	3.0
  (26, 26)	1.0
  (27, 27)	3.0
  (28, 28)	5.0
  (29, 29)	3.0
  (30, 30)	3.0
  (31, 31)	5.0
  (32, 32)	3.0
  (33, 33)	5.0
  (34, 34)	7.0
  (35, 35)	9.0
[-72.66947619 -60.93032625]
[[ 0.08078025 -0.20548187]
 [ 0.18385449 -0.36725002]
 [ 0.15849704 -0.22697607]
 [ 0.08981632 -0.07723646]
 [ 0.15849704 -0.22697607]
 [ 0.19895173 -0.28698227]
 [ 0.27585979 -0.23805677]
 [ 0.17307206 -0.15046151]
 [ 0.19324341 -0.0558275 ]
 [ 0.13661239 -0.03899941]
 [ 0.17136598 -0.0493048 ]
 [ 0.19324341  0.0558275 ]
 [ 0.08981632  0.07723646]
 [ 0.08981632 -0.07723646]
 [ 0.17307206 -0.15046151]
 [ 0.19324341 -0.0558275 ]
 [ 0.10748354 -0.03116961]
 [ 0.13661239  0.03899941]
 [ 0.17136598 -0.0493048 ]
 [ 0.08866368 -0.07792593]
 [ 0.21496903 -0.0630074 ]
 [ 0.17136598  0.0493048 ]
 [ 0.19324341  0.0558275 ]
 [ 0.17136598  0.0493048 ]
 [ 0.21496903  0.0630074 ]
 [ 0.27585979  0.23805677]
 [ 0.10748354  0.03116961]
 [ 0.17307206  0.15046151]
 [ 0.15849704  0.22697607]
 [ 0.08981632  0.07723646]
 [ 0.17307206  0.15046151]
 [ 0.15849704  0.22697607]
 [ 0.08866368  0.07792593]
 [ 0.19895173  0.28698227]
 [ 0.18385449  0.36725002]
 [ 0.08078025  0.20548187]]
[-9. -7.]
[[ 1.00000000e+00 -9.05192845e-16]
 [-9.33448573e-16 -1.00000000e+00]
 [ 5.79754485e-17  9.90901004e-17]
 [ 1.63066566e-17 -6.74470734e-17]
 [ 1.94861148e-17 -1.81897505e-17]
 [ 2.90235609e-17 -8.99140823e-17]
 [ 9.41756025e-17  7.62875259e-17]
 [ 1.97238395e-17  4.48530848e-17]
 [-1.08749373e-16 -7.23116366e-17]
 [-8.17511208e-17 -6.86561066e-17]
 [ 3.17893116e-17  5.04037001e-17]
 [ 1.00017670e-16 -5.10956311e-17]
 [ 1.15066758e-16  9.13551799e-17]
 [-3.81740392e-18 -2.10452372e-17]
 [ 5.58653711e-17  2.27744141e-17]
 [-4.25715056e-17 -2.97252591e-17]
 [ 6.99330279e-18  1.01878201e-17]
 [ 1.22707030e-16 -2.47746513e-17]
 [-6.68453737e-17 -5.54652472e-17]
 [-4.83778150e-17 -5.31982700e-17]
 [-1.14191201e-16 -5.44280464e-17]
 [-1.99430829e-16  7.64522341e-17]
 [-7.61743415e-17  3.57207365e-17]
 [ 6.02504259e-17 -2.99001258e-17]
 [-2.57003001e-16  5.39266088e-17]
 [ 2.47773544e-16  1.50690212e-16]
 [-9.54204665e-17  5.34467575e-17]
 [ 8.96000761e-17  1.12107745e-17]
 [-3.70643760e-16 -2.42102774e-16]
 [ 8.81298937e-17  2.57178490e-17]
 [ 8.76190430e-17  7.09302466e-17]
 [-8.06951559e-17 -2.10922670e-17]
 [-1.24460423e-16 -2.99059178e-17]
 [-1.48140024e-16 -5.96002363e-17]
 [-1.10451376e-16  1.85220620e-16]
 [-2.60727505e-16  6.27255814e-17]]
[[ 1.00000000e+00+0.00000000e+00j -9.33448573e-16+0.00000000e+00j
   5.79754485e-17+0.00000000e+00j ... -1.48140024e-16+0.00000000e+00j
  -1.10451376e-16+0.00000000e+00j -2.60727505e-16+0.00000000e+00j]
 [ 9.55717624e-01+1.74673847e-01j -3.27647320e-02+2.31496608e-01j
  -1.86378728e-02-2.13033042e-03j ...  2.94300280e-09-8.81832620e-08j
   5.00087935e-09+2.33745120e-10j -8.03621921e-12+1.33656960e-10j]
 [ 8.31722433e-01+3.19003719e-01j -1.21158172e-01+4.13762707e-01j
  -6.77788807e-02-1.59057342e-02j ...  7.23210120e-07-1.07956015e-05j
   1.23058412e-06+1.15589353e-07j -7.99307762e-09+6.60586637e-08j]
 ...
 [-2.63735337e-02-3.03983502e-01j  1.24086932e-01-4.48801848e-02j
   9.08037195e-02+3.23084488e-01j ... -6.35387444e-03-2.65368357e-02j
  -1.25557427e-02-5.18646334e-02j  5.21146639e-01+1.88619888e-01j]
 [ 3.33303579e-02-2.86278321e-01j  1.27873580e-02-1.59777932e-02j
   3.34015630e-02+3.47490686e-01j ...  1.22380267e-03-2.66702122e-02j
  -6.90198204e-02+4.38992883e-02j  4.80261977e-01+2.70155831e-01j]
 [ 8.77167195e-02-2.86816950e-01j -1.06558187e-01-1.46110940e-02j
  -2.72532064e-02+3.28949107e-01j ... -8.61418587e-03-2.12180977e-02j
  -1.55180419e-01+1.18612205e-01j  4.06155388e-01+3.23942472e-01j]]
[0.9999999999999996, 0.9999999999999993, 0.9999999999999993, 0.9999999999999996, 0.9999999999999996, 0.9999999999999993, 0.9999999999999993, 0.9999999999999991, 0.9999999999999991, 0.9999999999999989, 0.9999999999999996, 0.9999999999999987, 0.9999999999999987, 0.9999999999999987, 0.9999999999999989, 0.9999999999999989, 0.9999999999999987, 0.9999999999999989, 0.9999999999999984, 0.9999999999999984, 0.9999999999999984, 0.9999999999999967, 0.9999999999999958, 0.9999999999999956, 0.999999999999996, 0.9999999999999958, 0.9999999999999962, 0.999999999999996, 0.999999999999996, 0.9999999999999962, 0.9999999999999967, 0.9999999999999967, 0.9999999999999964, 0.9999999999999978, 0.9999999999999976, 0.9999999999999971, 0.9999999999999976, 0.9999999999999976, 0.999999999999998, 0.999999999999998, 0.9999999999999978, 0.9999999999999978, 0.9999999999999973, 0.9999999999999969, 0.9999999999999967, 0.9999999999999967, 0.9999999999999967, 0.9999999999999969, 0.9999999999999967, 0.9999999999999967, 0.9999999999999969, 0.9999999999999971, 0.9999999999999973, 0.999999999999998, 0.9999999999999976, 1.0000000000000018, 1.0000000000000022, 1.0000000000000018, 1.0000000000000022, 1.0000000000000022, 1.0000000000000027, 1.0000000000000022, 1.0000000000000013, 1.0000000000000018, 1.0000000000000009, 0.9999999999999996, 0.9999999999999969, 0.9999999999999969, 0.9999999999999969, 0.9999999999999969, 0.9999999999999971, 0.9999999999999973, 0.9999999999999971, 0.9999999999999971, 0.9999999999999967, 0.9999999999999969, 0.9999999999999951, 0.9999999999999958, 0.9999999999999953, 0.9999999999999956, 0.999999999999996, 0.9999999999999956, 0.9999999999999964, 0.999999999999996, 0.9999999999999951, 0.9999999999999951, 0.9999999999999947, 0.9999999999999936, 0.999999999999992, 0.9999999999999918, 0.9999999999999918, 0.999999999999992, 0.999999999999992, 0.9999999999999922, 0.999999999999992, 0.9999999999999918, 0.9999999999999911, 0.9999999999999909, 0.9999999999999898, 0.9999999999999885, 0.9999999999999885, 0.9999999999999885, 0.9999999999999887, 0.9999999999999887, 0.9999999999999887, 0.9999999999999882, 0.9999999999999885, 0.9999999999999882, 0.9999999999999885, 0.99999999999999, 0.9999999999999925, 0.9999999999999925, 0.9999999999999925, 0.9999999999999927, 0.9999999999999927, 0.9999999999999925, 0.9999999999999927, 0.9999999999999925, 0.9999999999999931, 0.9999999999999927, 0.9999999999999918, 0.9999999999999887, 0.9999999999999887, 0.9999999999999885, 0.9999999999999889, 0.9999999999999887, 0.9999999999999889, 0.9999999999999887, 0.9999999999999887, 0.9999999999999882, 0.9999999999999885, 0.9999999999999887, 0.9999999999999858, 0.9999999999999858, 0.9999999999999858, 0.9999999999999858, 0.999999999999986, 0.9999999999999858, 0.999999999999986, 0.9999999999999858, 0.9999999999999856, 0.9999999999999849, 0.9999999999999842, 0.9999999999999871, 0.9999999999999871, 0.9999999999999871, 0.9999999999999871, 0.9999999999999873, 0.9999999999999871, 0.9999999999999873, 0.9999999999999871, 0.9999999999999869, 0.9999999999999851, 0.9999999999999847, 0.9999999999999869, 0.9999999999999869, 0.9999999999999869, 0.9999999999999873, 0.9999999999999871, 0.9999999999999873, 0.9999999999999871, 0.9999999999999867, 0.9999999999999862, 0.999999999999986, 0.9999999999999849, 0.9999999999999847, 0.9999999999999847, 0.9999999999999847, 0.9999999999999851, 0.9999999999999849, 0.9999999999999851, 0.9999999999999849, 0.9999999999999849, 0.9999999999999849, 0.9999999999999851, 0.9999999999999858, 0.9999999999999889, 0.9999999999999889, 0.9999999999999891, 0.9999999999999889, 0.9999999999999891, 0.9999999999999889, 0.9999999999999891, 0.9999999999999887, 0.9999999999999887, 0.9999999999999891, 0.9999999999999885, 0.9999999999999896, 0.9999999999999896, 0.9999999999999893, 0.9999999999999898, 0.9999999999999898, 0.9999999999999893, 0.9999999999999896, 0.9999999999999889, 0.9999999999999891, 0.9999999999999889, 0.9999999999999878, 0.9999999999999869, 0.9999999999999867, 0.9999999999999869]
[-17.999999999999957, -17.999999999999957, -17.999999999999954, -17.999999999999957, -17.999999999999957, -17.999999999999954, -17.999999999999943, -17.999999999999943, -17.999999999999925, -17.99999999999993, -17.99999999999998, -18.0, -17.999999999999996, -18.000000000000004, -18.0, -18.000000000000007, -18.000000000000007, -17.999999999999993, -18.0, -17.99999999999999, -18.0, -17.99999999999999, -18.000000000000018, -18.000000000000014, -18.000000000000025, -18.00000000000002, -18.000000000000025, -18.000000000000018, -18.000000000000025, -18.00000000000002, -18.00000000000003, -18.000000000000025, -18.000000000000036, -18.000000000000032, -18.00000000000004, -18.00000000000004, -18.000000000000032, -18.000000000000043, -18.000000000000043, -18.000000000000043, -18.000000000000036, -18.00000000000004, -18.000000000000032, -18.00000000000005, -18.000000000000032, -18.000000000000025, -18.000000000000025, -18.00000000000003, -18.00000000000003, -18.000000000000032, -18.00000000000003, -18.00000000000003, -18.000000000000036, -18.00000000000003, -17.99999999999998, -18.000000000000014, -18.00000000000001, -18.000000000000014, -18.000000000000014, -18.00000000000001, -18.000000000000014, -18.00000000000002, -18.000000000000025, -18.000000000000004, -18.00000000000004, -18.000000000000053, -18.00000000000005, -18.000000000000043, -18.00000000000005, -18.00000000000005, -18.000000000000046, -18.00000000000005, -18.00000000000005, -18.000000000000053, -18.00000000000004, -18.00000000000002, -18.000000000000018, -18.000000000000053, -18.000000000000057, -18.000000000000057, -18.000000000000057, -18.00000000000006, -18.000000000000064, -18.000000000000064, -18.000000000000068, -18.000000000000068, -18.00000000000007, -18.000000000000046, -18.00000000000009, -18.000000000000092, -18.000000000000096, -18.000000000000085, -18.00000000000009, -18.000000000000092, -18.000000000000085, -18.00000000000009, -18.000000000000075, -18.000000000000092, -18.000000000000135, -18.000000000000185, -18.000000000000192, -18.000000000000185, -18.00000000000018, -18.000000000000185, -18.000000000000185, -18.00000000000019, -18.000000000000163, -18.000000000000178, -18.000000000000178, -18.000000000000156, -18.000000000000128, -18.000000000000124, -18.000000000000124, -18.000000000000124, -18.00000000000013, -18.000000000000128, -18.000000000000128, -18.000000000000128, -18.00000000000012, -18.000000000000117, -18.000000000000085, -18.000000000000117, -18.000000000000124, -18.00000000000012, -18.00000000000012, -18.000000000000124, -18.000000000000117, -18.00000000000012, -18.00000000000011, -18.000000000000114, -18.000000000000064, -18.00000000000008, -18.00000000000002, -18.00000000000002, -18.00000000000002, -18.000000000000025, -18.000000000000025, -18.00000000000003, -18.000000000000018, -18.000000000000014, -18.000000000000007, -18.0, -17.999999999999993, -18.000000000000032, -18.00000000000003, -18.000000000000032, -18.000000000000032, -18.00000000000003, -18.000000000000032, -18.00000000000003, -18.000000000000036, -18.00000000000003, -18.00000000000002, -18.000000000000064, -18.000000000000004, -18.000000000000007, -18.000000000000004, -18.0, -18.000000000000004, -18.0, -18.000000000000004, -17.999999999999993, -17.999999999999993, -17.999999999999975, -17.999999999999943, -18.00000000000002, -18.000000000000018, -18.000000000000018, -18.000000000000007, -18.000000000000018, -18.00000000000001, -18.00000000000001, -18.000000000000004, -18.000000000000004, -17.99999999999998, -17.999999999999975, -17.99999999999991, -17.999999999999908, -17.999999999999904, -17.99999999999991, -17.99999999999991, -17.99999999999992, -17.999999999999908, -17.999999999999904, -17.9999999999999, -17.999999999999908, -17.999999999999908, -17.999999999999947, -17.999999999999947, -17.999999999999947, -17.99999999999995, -17.999999999999947, -17.999999999999954, -17.999999999999954, -17.999999999999947, -17.999999999999932, -17.99999999999993, -17.999999999999893, -17.999999999999808, -17.99999999999981, -17.999999999999815]
[-6.222990484059624e-16, 0.00634744732734455, 0.02470599575626934, 0.053107199289006285, 0.08853393842806477, 0.12727390991300092, 0.16534022647036734, 0.19890406165652952, 0.22468912511299358, 0.2402890427772827, 0.2443824408212416, 0.2368333308777904, 0.21867459259806296, 0.19198012698594324, 0.15963798915046282, 0.12504397143559418, 0.09174320395619835, 0.06305537270730459, 0.0417248376196112, 0.029637581252251854, 0.027640671677033476, 0.03548674818201507, 0.051908062082697895, 0.07480557501829103, 0.10152269840551983, 0.1291636648869648, 0.15491456021958772, 0.17632991612265037, 0.19155715273501248, 0.19948224050678143, 0.19979038792904041, 0.19294408370370594, 0.18008725837739264, 0.16288919341619146, 0.14334569740168485, 0.12355819904842684, 0.10551341848357584, 0.09088642704100354, 0.08088747696896792, 0.07616773993186962, 0.07679154531889093, 0.08227406508014438, 0.09167522406488621, 0.1037343786329546, 0.11702691589646104, 0.13012355505872747, 0.14173528887963993, 0.15083070781504834, 0.15671697356997905, 0.1590802339803523, 0.1579853887701187, 0.15383867524028036, 0.14731951386456177, 0.13929038983580674, 0.13069511888474458, 0.12245646697723865, 0.11538360949794521, 0.11009830842344341, 0.10698613401134902, 0.10617591899972272, 0.10754736204983209, 0.1107637290483687, 0.11532426105702576, 0.12062936109831074, 0.12605093806330428, 0.13100038273360093, 0.13498743708590827, 0.1376645674657596, 0.13885322038812922, 0.13855036433696288, 0.13691582378730904, 0.13424290295741115, 0.13091648106541265, 0.1273639489992321, 0.1240048925592002, 0.12120522705477946, 0.11924058589391485, 0.11827232802300415, 0.11833781991072126, 0.11935495006857676, 0.12113936196925804, 0.12343174469356705, 0.12593170804245923, 0.12833427548910484, 0.13036487583702006, 0.1318089634585845, 0.13253309238143485, 0.1324953741288844, 0.1317446208861746, 0.13040890460635277, 0.1286755389465146, 0.1267654509386285, 0.12490544224465149, 0.1233018760986123, 0.12211884803918122, 0.12146298304803471, 0.12137585208237822, 0.12183391087950828, 0.12275509772079427, 0.12401087850029767, 0.12544246126140807, 0.1268798401060799, 0.12816204422284586, 0.12915646497489078, 0.12977467743321816, 0.1299821464774329, 0.12979988552538127, 0.1292975082712032, 0.12857886525343817, 0.12776309067901734, 0.1269649072384157, 0.12627811645595635, 0.12576526434526208, 0.12545473172731125, 0.12534443844197027, 0.12540962189276367, 0.1256113743236486, 0.12590313263756317, 0.12623394662519014, 0.12654943150749937, 0.12679289082462356, 0.12690937135750296, 0.1268541201372253, 0.12660450646846053, 0.1261719638242161, 0.12560906093737936, 0.12500724818568185, 0.12448325537636697, 0.12415584537381494, 0.12411836022884239, 0.12441478361954654, 0.1250268260353677, 0.12587660510233456, 0.12684466385464638, 0.12779799418519625, 0.1286193151422034, 0.12922850226539281, 0.1295900592952868, 0.1297058264369863, 0.1295977086432944, 0.1292888642093421, 0.12879200824146386, 0.12811010539099987, 0.12724906907209363, 0.1262364469392035, 0.12513682133914594, 0.12405525319873727, 0.123124470272662, 0.12247799463797383, 0.12221741668100074, 0.12238504476154545, 0.1229518277711456, 0.1238251535164575, 0.12487390548673932, 0.12596188578715886, 0.126977908492021, 0.12785265872431567, 0.12855804095904666, 0.1290918754262306, 0.1294565100706308, 0.12964188106915175, 0.12962104039035066, 0.12936031350089988, 0.12883957661042914, 0.1280734817893302, 0.1271237498910697, 0.12609613490973673, 0.12512180631643025, 0.1243290834127549, 0.1238151320750995, 0.1236269853491173, 0.12375735652277584, 0.12415495616965123, 0.12474385183557117, 0.1254438678934531, 0.12618492326301123, 0.12691185987830372, 0.12758093546790675, 0.12815268159542803, 0.1285868276355284, 0.12884322683890428, 0.12888918365148022, 0.12870999554166745, 0.12831755312989923, 0.12775236198022358, 0.12707707541923782, 0.12636328396637234, 0.12567622773819037, 0.12506299386130448, 0.12454828891352242, 0.12413875632176397, 0.12383344196456779, 0.12363580788436379, 0.1235624442310571, 0.12364521820950161, 0.1239261669142617, 0.1244468657587056, 0.1252354255624589, 0.12629440783957074, 0.1275920933140999, 0.12905830631203866]
[1.0, 0.9872126483102408, 0.9492568441399027, 0.8873246235981687, 0.8033181187427265, 0.6997371969181431, 0.5795476346813353, 0.4460479570073546, 0.30275002898275305, 0.1532824678913786, 0.001318587322424784, -0.1494762818747039, -0.29548805300017955, -0.4331994302439534, -0.5592478695117827, -0.6705016808288522, -0.7641538848116798, -0.8378271032135712, -0.8896777675575821, -0.9184855204152771, -0.9237144883017755, -0.905536947086511, -0.8648158309210179, -0.8030490862935449, -0.7222844683902504, -0.6250167700438749, -0.5140800647344348, -0.39254549114997406, -0.2636312032117678, -0.13062651100977207, 0.0031718764898125058, 0.13451631349929857, 0.26026304151942836, 0.37743003989271723, 0.4832601806946395, 0.5752889169965695, 0.6514128457869347, 0.7099534817696157, 0.7497099135516603, 0.7699947881629262, 0.7706500192879566, 0.7520412018405271, 0.7150322896044118, 0.6609440704034174, 0.5915009883035315, 0.5087708393338986, 0.41510100575546294, 0.31305357770174846, 0.2053403788605777, 0.09475793409632552, -0.01587799515036336, -0.12379850194328168, -0.22634781517372415, -0.32104850105566896, -0.4056635515690682, -0.47825285953288077, -0.5372215324354165, -0.5813578705827642, -0.6098595234180123, -0.6223471685429709, -0.6188658461111621, -0.5998746802133987, -0.5662260549239502, -0.519135396220366, -0.4601426235647992, -0.3910661972735034, -0.3139506189292384, -0.23100832165578167, -0.1445571320786755, -0.0569548482552964, 0.029467137011897467, 0.1124689401042491, 0.1899636701531671, 0.2600730475068448, 0.32117522856054476, 0.37194338081164857, 0.4113740970150907, 0.4388052700838751, 0.4539235049427741, 0.4567614828783775, 0.4476859106831721, 0.42737679942865087, 0.3967988650313178, 0.35716587764821983, 0.3098988636667388, 0.2565792201356989, 0.19889803874276007, 0.13860321231808698, 0.07744613447036981, 0.01712991939332921, -0.04073899000945693, -0.09469419236937736, -0.14344639965648134, -0.18591332655943646, -0.22124186447480748, -0.24882227921079808, -0.26829438011425194, -0.2795458039462344, -0.28270278722188474, -0.27811407495046403, -0.26632889060938525, -0.24807010237236357, -0.22420380956665514, -0.19570653811281236, -0.163631127960872, -0.12907229739273962, -0.09313283113601428, -0.05689135349629664, -0.02137264961660379, 0.012478590346899528, 0.04381994302315717, 0.07192897765316937, 0.09621645911562977, 0.11623512095215248, 0.13168411851282127, 0.1424091972581176, 0.14839857251200786, 0.14977463484393094, 0.1467818989786066, 0.139772006651247, 0.129186892082807, 0.11554125224906185, 0.09940517680195064, 0.08138728697330663, 0.0621182275857395, 0.042234077707583625, 0.02235931415445262, 0.003089337197130866, -0.015026922585485186, -0.03150336311600058, -0.04593087068709193, -0.05798816274602995, -0.06744844229890158, -0.07418135499117876, -0.07815016440774887, -0.07940453682416089, -0.07806984433940896, -0.07433439161287676, -0.06843630798752773, -0.06065185334197856, -0.051286451211520236, -0.04066892038177821, -0.029148330613006708, -0.0170919744533359, -0.004882430909962347, 0.007088226660407702, 0.018428374515078186, 0.028761193787767717, 0.03774255215259953, 0.04508054059832517, 0.050554152905861516, 0.05402839298605531, 0.055463351446047054, 0.054915478838272, 0.052530326595991696, 0.0485272976364229, 0.04317824830921086, 0.03678286165971463, 0.029644321238539977, 0.022048783486055563, 0.014251440295140706, 0.006470701983174164, -0.0011095413756452687, -0.008331201522689827, -0.015049727370008517, -0.021121964677119, -0.026397882608014858, -0.030719234657472973, -0.03392685475423041, -0.03587641819870508, -0.03646044113719344, -0.0356324690385821, -0.03342825189561701, -0.029978572780136895, -0.025509446611809646, -0.020327538218708543, -0.014791499236328613, -0.009272926090764988, -0.004113143511809033, 0.0004165778286044718, 0.004143860333680967, 0.007007318443681092, 0.009049210560213005, 0.010389840148122283, 0.011188817114491949, 0.011601332859551231, 0.011739003935480337, 0.011644148214438549, 0.01128358588848598, 0.010563725006186929, 0.009363736950624408, 0.007579202712912684, 0.005165801245105146, 0.002172160134801973, -0.0012469005423330825, -0.004841234203348689, -0.008299360278293373, -0.011299147531262576, -0.013564615656867722, -0.014916468703650142, -0.015304972708336508]
[0.0, 0.01, 0.02, 0.03, 0.04, 0.05, 0.06, 0.07, 0.08, 0.09, 0.1, 0.11, 0.12, 0.13, 0.14, 0.15, 0.16, 0.17, 0.18, 0.19, 0.2, 0.21, 0.22, 0.23, 0.24, 0.25, 0.26, 0.27, 0.28, 0.29, 0.3, 0.31, 0.32, 0.33, 0.34, 0.35, 0.36, 0.37, 0.38, 0.39, 0.4, 0.41, 0.42, 0.43, 0.44, 0.45, 0.46, 0.47, 0.48, 0.49, 0.5, 0.51, 0.52, 0.53, 0.54, 0.55, 0.56, 0.57, 0.58, 0.59, 0.6, 0.61, 0.62, 0.63, 0.64, 0.65, 0.66, 0.67, 0.68, 0.69, 0.7, 0.71, 0.72, 0.73, 0.74, 0.75, 0.76, 0.77, 0.78, 0.79, 0.8, 0.81, 0.82, 0.83, 0.84, 0.85, 0.86, 0.87, 0.88, 0.89, 0.9, 0.91, 0.92, 0.93, 0.94, 0.95, 0.96, 0.97, 0.98, 0.99, 1.0, 1.01, 1.02, 1.03, 1.04, 1.05, 1.06, 1.07, 1.08, 1.09, 1.1, 1.11, 1.12, 1.13, 1.14, 1.15, 1.16, 1.17, 1.18, 1.19, 1.2, 1.21, 1.22, 1.23, 1.24, 1.25, 1.26, 1.27, 1.28, 1.29, 1.3, 1.31, 1.32, 1.33, 1.34, 1.35, 1.36, 1.37, 1.38, 1.39, 1.4, 1.41, 1.42, 1.43, 1.44, 1.45, 1.46, 1.47, 1.48, 1.49, 1.5, 1.51, 1.52, 1.53, 1.54, 1.55, 1.56, 1.57, 1.58, 1.59, 1.6, 1.61, 1.62, 1.63, 1.64, 1.65, 1.66, 1.67, 1.68, 1.69, 1.7, 1.71, 1.72, 1.73, 1.74, 1.75, 1.76, 1.77, 1.78, 1.79, 1.8, 1.81, 1.82, 1.83, 1.84, 1.85, 1.86, 1.87, 1.88, 1.89, 1.9, 1.91, 1.92, 1.93, 1.94, 1.95, 1.96, 1.97, 1.98, 1.99, 2.0]
