Hermiticity check passed!
Symmetry checks passed!
Hermiticity check passed!
Symmetry checks passed!
Hermiticity check passed!
Symmetry checks passed!
  (0, 0)	-32.0
  (0, 1)	-32.0268776
  (1, 0)	-32.02687759999999
  (1, 1)	-24.0
  (1, 2)	-16.0134388
  (1, 3)	-11.32321116559577
  (1, 6)	-16.0134388
  (1, 7)	-22.64642233119154
  (1, 9)	-16.0134388
  (1, 34)	-11.32321116559577
  (1, 35)	-16.0134388
  (1, 37)	-11.32321116559577
  (2, 1)	-16.0134388
  (2, 2)	-20.0
  (2, 4)	-16.0134388
  (2, 8)	-16.0134388
  (2, 11)	-16.0134388
  (2, 36)	-11.32321116559577
  (2, 39)	-11.32321116559577
  (3, 1)	-11.32321116559577
  (3, 3)	-16.0
  (3, 4)	-11.32321116559577
  (3, 10)	-16.0134388
  (3, 13)	-16.0134388
  (3, 38)	-11.32321116559577
  :	:
  (1455, 1356)	-11.32321116559577
  (1455, 1358)	-11.32321116559577
  (1455, 1429)	-16.0134388
  (1455, 1438)	-16.0134388
  (1455, 1449)	-16.0134388
  (1455, 1455)	-16.0
  (1455, 1457)	-16.0134388
  (1456, 1358)	-16.0134388
  (1456, 1427)	-11.32321116559577
  (1456, 1440)	-16.0134388
  (1456, 1447)	-16.0134388
  (1456, 1456)	-16.0
  (1456, 1457)	-11.32321116559577
  (1457, 1359)	-16.0134388
  (1457, 1430)	-11.32321116559577
  (1457, 1441)	-16.0134388
  (1457, 1450)	-22.64642233119154
  (1457, 1453)	-16.0134388
  (1457, 1454)	-11.32321116559577
  (1457, 1455)	-16.0134388
  (1457, 1456)	-11.32321116559577
  (1457, 1457)	-24.0
  (1457, 1458)	-32.02687759999999
  (1458, 1457)	-32.0268776
  (1458, 1458)	-32.0
  (0, 0)	-16.0
  (1, 1)	-14.0
  (2, 2)	-12.0
  (3, 3)	-12.0
  (4, 4)	-10.0
  (5, 5)	-8.0
  (6, 6)	-12.0
  (7, 7)	-12.0
  (8, 8)	-10.0
  (9, 9)	-12.0
  (10, 10)	-10.0
  (11, 11)	-10.0
  (12, 12)	-8.0
  (13, 13)	-10.0
  (14, 14)	-8.0
  (15, 15)	-8.0
  (16, 16)	-6.0
  (17, 17)	-8.0
  (18, 18)	-8.0
  (19, 19)	-8.0
  (20, 20)	-6.0
  (21, 21)	-8.0
  (22, 22)	-6.0
  (23, 23)	-4.0
  (24, 24)	-8.0
  :	:
  (1434, 1434)	10.0
  (1435, 1435)	8.0
  (1436, 1436)	8.0
  (1437, 1437)	8.0
  (1438, 1438)	10.0
  (1439, 1439)	8.0
  (1440, 1440)	10.0
  (1441, 1441)	12.0
  (1442, 1442)	8.0
  (1443, 1443)	8.0
  (1444, 1444)	8.0
  (1445, 1445)	10.0
  (1446, 1446)	8.0
  (1447, 1447)	10.0
  (1448, 1448)	8.0
  (1449, 1449)	10.0
  (1450, 1450)	12.0
  (1451, 1451)	8.0
  (1452, 1452)	10.0
  (1453, 1453)	12.0
  (1454, 1454)	12.0
  (1455, 1455)	12.0
  (1456, 1456)	12.0
  (1457, 1457)	14.0
  (1458, 1458)	16.0
[-129.12767463 -117.41912755]
[[ 0.01148617  0.03882935]
 [ 0.03483401  0.10356206]
 [ 0.02990284  0.07634524]
 ...
 [ 0.01868197 -0.04791537]
 [ 0.03483401 -0.10356206]
 [ 0.01148617 -0.03882935]]
[-16. -14.]
[[-1.00000000e+00 -8.81772077e-16]
 [ 6.50330732e-16 -1.00000000e+00]
 [-3.59845988e-17 -4.67966266e-16]
 ...
 [-6.78205309e-17  7.83512555e-18]
 [ 6.90622882e-17  5.52191799e-17]
 [-3.63534326e-18 -9.98671632e-17]]
[[-1.00000000e+00+0.00000000e+00j  6.50330732e-16+0.00000000e+00j
  -3.59845988e-17+0.00000000e+00j ... -6.78205309e-17+0.00000000e+00j
   6.90622882e-17+0.00000000e+00j -3.63534326e-18+0.00000000e+00j]
 [-9.01344595e-01-3.00069587e-01j  8.45899218e-02-2.92845567e-01j
   2.36698275e-02+6.15515723e-03j ...  1.16112865e-15+9.48409259e-17j
   4.09228857e-17+1.55206490e-16j -1.24314626e-17+1.83382201e-17j]
 [-6.47615393e-01-4.93441575e-01j  2.83397848e-01-4.42420584e-01j
   7.38228124e-02+4.18140316e-02j ...  1.86460299e-11+3.01981120e-12j
  -8.03414684e-13+4.23887554e-12j -1.70243818e-13-3.69817251e-14j]
 ...
 [ 3.53149807e-01+1.99590456e-01j -7.17269127e-02+1.00507370e-02j
  -1.55880830e-01-5.34878857e-02j ... -3.49582409e-03+7.00793607e-02j
   2.45660194e-01+2.89432891e-02j  8.74847173e-02+3.12124166e-01j]
 [ 2.74741621e-01+2.82039657e-01j -3.74723448e-02+7.93288260e-04j
  -1.09582124e-01-1.29779253e-01j ... -1.95786854e-02+6.44784414e-02j
   5.49604806e-02+3.53709531e-02j -3.76426215e-02+3.69232737e-01j]
 [ 1.69232749e-01+3.51120226e-01j  1.99611917e-02+3.00240056e-02j
  -4.26945771e-02-1.68209728e-01j ... -3.26602356e-02+4.23650370e-02j
  -1.08037405e-01-7.07895534e-02j -1.48538537e-01+3.27775514e-01j]]
[0.9999999999999989, 1.0000000000000004, 0.9999999999999993, 0.9999999999999993, 0.9999999999999984, 0.9999999999999982, 0.9999999999999976, 0.9999999999999973, 0.9999999999999973, 0.9999999999999969, 0.9999999999999973, 0.9999999999999973, 0.9999999999999969, 0.9999999999999969, 0.9999999999999967, 0.9999999999999969, 0.9999999999999971, 0.9999999999999969, 0.9999999999999971, 0.9999999999999971, 0.9999999999999971, 0.9999999999999971, 0.9999999999999973, 0.9999999999999964, 0.9999999999999967, 0.9999999999999967, 0.9999999999999967, 0.9999999999999969, 0.9999999999999967, 0.9999999999999962, 0.9999999999999964, 0.9999999999999962, 0.9999999999999964, 0.9999999999999964, 0.9999999999999964, 0.999999999999996, 0.9999999999999953, 0.9999999999999956, 0.9999999999999962, 0.999999999999996, 0.9999999999999964, 0.9999999999999956, 0.9999999999999962, 0.9999999999999953, 0.999999999999996, 0.9999999999999956, 0.9999999999999962, 0.9999999999999967, 0.9999999999999964, 0.9999999999999967, 0.9999999999999967, 0.9999999999999964, 0.9999999999999967, 0.9999999999999962, 0.9999999999999962, 0.999999999999996, 0.9999999999999962, 0.999999999999996, 0.9999999999999967, 0.999999999999996, 0.9999999999999958, 0.9999999999999956, 0.9999999999999953, 0.9999999999999956, 0.9999999999999962, 0.9999999999999962, 0.9999999999999962, 0.9999999999999958, 0.9999999999999964, 0.999999999999996, 0.9999999999999967, 0.9999999999999956, 0.9999999999999951, 0.9999999999999953, 0.9999999999999947, 0.9999999999999947, 0.9999999999999956, 0.9999999999999949, 0.9999999999999944, 0.9999999999999944, 0.9999999999999942, 0.9999999999999942, 0.9999999999999942, 0.999999999999994, 0.999999999999994, 0.9999999999999933, 0.9999999999999942, 0.9999999999999938, 0.9999999999999938, 0.9999999999999942, 0.9999999999999936, 0.9999999999999931, 0.9999999999999936, 0.9999999999999931, 0.999999999999994, 0.9999999999999938, 0.9999999999999938, 0.9999999999999938, 0.9999999999999938, 0.999999999999994, 0.9999999999999942, 0.999999999999994, 0.9999999999999931, 0.9999999999999931, 0.9999999999999929, 0.9999999999999933, 0.9999999999999931, 0.9999999999999929, 0.9999999999999931, 0.9999999999999931, 0.9999999999999931, 0.9999999999999933, 0.9999999999999933, 0.9999999999999931, 0.9999999999999929, 0.9999999999999927, 0.9999999999999925, 0.9999999999999936, 0.9999999999999925, 0.9999999999999933, 0.9999999999999927, 0.9999999999999927, 0.9999999999999925, 0.9999999999999925, 0.9999999999999931, 0.9999999999999918, 0.999999999999992, 0.999999999999992, 0.9999999999999918, 0.999999999999992, 0.999999999999992, 0.9999999999999918, 0.9999999999999918, 0.9999999999999911, 0.9999999999999918, 0.9999999999999918, 0.999999999999992, 0.9999999999999918, 0.9999999999999922, 0.9999999999999925, 0.999999999999992, 0.9999999999999927, 0.9999999999999925, 0.9999999999999929, 0.9999999999999927, 0.9999999999999931, 0.9999999999999925, 0.9999999999999929, 0.9999999999999929, 0.9999999999999922, 0.999999999999992, 0.999999999999992, 0.999999999999992, 0.9999999999999918, 0.9999999999999922, 0.9999999999999916, 0.9999999999999909, 0.9999999999999911, 0.9999999999999913, 0.9999999999999916, 0.9999999999999916, 0.9999999999999918, 0.9999999999999916, 0.9999999999999916, 0.9999999999999916, 0.9999999999999916, 0.9999999999999916, 0.9999999999999911, 0.9999999999999907, 0.9999999999999905, 0.9999999999999909, 0.9999999999999913, 0.9999999999999913, 0.9999999999999905, 0.9999999999999909, 0.9999999999999907, 0.9999999999999911, 0.9999999999999905, 0.9999999999999909, 0.9999999999999909, 0.9999999999999911, 0.9999999999999909, 0.9999999999999911, 0.9999999999999911, 0.9999999999999905, 0.9999999999999902, 0.9999999999999911, 0.9999999999999909, 0.9999999999999907, 0.9999999999999909, 0.9999999999999909, 0.9999999999999909, 0.9999999999999913, 0.9999999999999909, 0.9999999999999913, 0.9999999999999913, 0.9999999999999909, 0.9999999999999909, 0.9999999999999907, 0.9999999999999902, 0.9999999999999905]
[-31.999999999999957, -31.9999999999999, -31.999999999999957, -31.99999999999998, -31.999999999999936, -31.999999999999936, -31.999999999999908, -31.999999999999943, -31.99999999999995, -31.99999999999995, -31.999999999999957, -31.99999999999993, -31.999999999999915, -31.999999999999922, -31.999999999999922, -31.999999999999915, -31.999999999999922, -31.999999999999908, -31.999999999999883, -31.99999999999988, -31.99999999999988, -31.99999999999988, -31.999999999999886, -31.999999999999886, -31.999999999999915, -31.999999999999915, -31.99999999999991, -31.99999999999991, -31.999999999999922, -31.999999999999908, -31.999999999999865, -31.999999999999865, -31.99999999999985, -31.999999999999858, -31.99999999999988, -31.999999999999872, -31.999999999999858, -31.999999999999858, -31.999999999999837, -31.999999999999844, -31.999999999999865, -31.99999999999983, -31.99999999999978, -31.999999999999787, -31.999999999999805, -31.999999999999815, -31.999999999999822, -31.999999999999844, -31.999999999999854, -31.999999999999837, -31.999999999999858, -31.99999999999987, -31.999999999999837, -31.999999999999822, -31.999999999999808, -31.999999999999808, -31.99999999999981, -31.9999999999998, -31.999999999999815, -31.9999999999998, -31.999999999999794, -31.999999999999797, -31.999999999999787, -31.999999999999808, -31.9999999999998, -31.99999999999979, -31.999999999999766, -31.999999999999766, -31.99999999999976, -31.999999999999776, -31.999999999999744, -31.999999999999744, -31.9999999999997, -31.99999999999968, -31.99999999999971, -31.9999999999997, -31.99999999999968, -31.999999999999677, -31.99999999999968, -31.999999999999666, -31.99999999999968, -31.99999999999967, -31.999999999999673, -31.999999999999662, -31.99999999999963, -31.999999999999655, -31.999999999999623, -31.999999999999638, -31.999999999999666, -31.999999999999645, -31.999999999999602, -31.999999999999613, -31.999999999999595, -31.999999999999623, -31.999999999999606, -31.999999999999623, -31.999999999999613, -31.999999999999616, -31.999999999999616, -31.999999999999623, -31.99999999999963, -31.999999999999638, -31.999999999999652, -31.999999999999645, -31.999999999999652, -31.999999999999652, -31.999999999999638, -31.999999999999652, -31.999999999999627, -31.999999999999623, -31.999999999999616, -31.99999999999962, -31.999999999999616, -31.99999999999961, -31.999999999999574, -31.999999999999588, -31.99999999999958, -31.99999999999954, -31.999999999999602, -31.999999999999552, -31.999999999999538, -31.999999999999524, -31.99999999999953, -31.99999999999956, -31.999999999999517, -31.999999999999584, -31.999999999999563, -31.99999999999955, -31.999999999999538, -31.999999999999567, -31.999999999999563, -31.999999999999538, -31.99999999999955, -31.999999999999574, -31.999999999999538, -31.999999999999538, -31.999999999999545, -31.99999999999953, -31.999999999999552, -31.999999999999545, -31.99999999999956, -31.99999999999953, -31.999999999999545, -31.999999999999527, -31.99999999999951, -31.999999999999503, -31.99999999999952, -31.999999999999517, -31.999999999999517, -31.99999999999951, -31.9999999999995, -31.9999999999995, -31.999999999999503, -31.999999999999503, -31.999999999999496, -31.999999999999503, -31.999999999999517, -31.999999999999506, -31.99999999999951, -31.99999999999951, -31.999999999999506, -31.999999999999503, -31.999999999999474, -31.999999999999496, -31.99999999999949, -31.999999999999467, -31.99999999999951, -31.99999999999946, -31.999999999999456, -31.999999999999474, -31.999999999999467, -31.999999999999467, -31.999999999999467, -31.999999999999474, -31.999999999999453, -31.99999999999946, -31.999999999999442, -31.999999999999453, -31.999999999999453, -31.99999999999944, -31.999999999999467, -31.99999999999946, -31.999999999999467, -31.99999999999946, -31.999999999999496, -31.999999999999467, -31.9999999999995, -31.999999999999503, -31.999999999999496, -31.999999999999506, -31.999999999999503, -31.99999999999948, -31.999999999999446, -31.99999999999946, -31.99999999999946, -31.99999999999945, -31.999999999999453, -31.999999999999446, -31.99999999999941, -31.99999999999943, -31.99999999999941]
[-3.251653658773328e-16, 0.006347447327355445, 0.024705995766634865, 0.05310719984094448, 0.08853394718952638, 0.12727398047842767, 0.16534059164995457, 0.19890543770736815, 0.22469318813789058, 0.24029888129986998, 0.24440254127846656, 0.23686853373736852, 0.21872765376188824, 0.19204808594714734, 0.1597083147674576, 0.1250920842107037, 0.0917331038422282, 0.06294455376625512, 0.041473544138902925, 0.029221092970583243, 0.02706213077906863, 0.0347874166999778, 0.051172003652970026, 0.07415656599968735, 0.10111250689692185, 0.12915241642524763, 0.15544543482338666, 0.1775016258078726, 0.19339834521349217, 0.20193208065741342, 0.20268909466426588, 0.19603621424948167, 0.18303912238756015, 0.16532004114087304, 0.14487038576090264, 0.12383709301382695, 0.10430361570844587, 0.08808733881235677, 0.0765736682806011, 0.07060290681285425, 0.07041956396373998, 0.07568593631781137, 0.08555403236351133, 0.09878357565794264, 0.11388983167643461, 0.12930364750492787, 0.14352703589825716, 0.1552701734773017, 0.16355905528170528, 0.1678066732611702, 0.16784415327070493, 0.16391169536316472, 0.15661239275185626, 0.1468349769163325, 0.1356540549548647, 0.12421819025912789, 0.11363695998917434, 0.10487775405745042, 0.09868160064018339, 0.0955049406098399, 0.0954913781741053, 0.09847438476741771, 0.10400904918715488, 0.11142847423583734, 0.11991845484244786, 0.12860271701906323, 0.13663031322126143, 0.14325681015046707, 0.14791169495167897, 0.15024593076324755, 0.15015569269407233, 0.14778080200448945, 0.14347897726088316, 0.13777944468568062, 0.13132143244498082, 0.12478441727162742, 0.11881758246926025, 0.11397575442244617, 0.11066815576413108, 0.10912475639770966, 0.10938298237218808, 0.11129526813840057, 0.11455565665571636, 0.11874162499411127, 0.12336578220677451, 0.12793123441348525, 0.13198432900268087, 0.13515915439006626, 0.1372094578631713, 0.13802534920610696, 0.13763404346878977, 0.1361857275364517, 0.13392721041296762, 0.13116718435725191, 0.12823758715620112, 0.12545567595117257, 0.12309101760824924, 0.12134074081172874, 0.12031519929458001, 0.12003481778939076, 0.12043750486557582, 0.12139479065164639, 0.12273393043463636, 0.12426271231547001, 0.12579366487485913, 0.12716475882808112, 0.12825445058259982, 0.12898989169043418, 0.12934816697654136, 0.12935136798269692, 0.12905702663610247, 0.1285458420252659, 0.12790870305708377, 0.12723477267639524, 0.12660193690550153, 0.12607034743529627, 0.12567921799422424, 0.12544656798716367, 0.12537129638298344, 0.12543682338312503, 0.12561553083378846, 0.12587332278399113, 0.1261737761081055, 0.1264815310991599, 0.12676476631357667, 0.12699679269070485, 0.1271569616884418, 0.12723117595804867, 0.12721228938432105, 0.12710057846162293, 0.1269042832821469, 0.12664000818083204, 0.12633260997174486, 0.1260141519717706, 0.12572160415902908, 0.12549321920002612, 0.12536385642720876, 0.12535986882469854, 0.1254944084609183, 0.12576406332657108, 0.1261475837724899, 0.12660712232008967, 0.12709198071548733, 0.12754443865685477, 0.1279069189257843, 0.12812956634454128, 0.12817727349680685, 0.12803523542666015, 0.1277122271562623, 0.12724097478452695, 0.12667526702403112, 0.1260838600373745, 0.1255417476415837, 0.12511991230414915, 0.12487509390226789, 0.12484126430537298, 0.12502429226771106, 0.1254007487799087, 0.12592106529879651, 0.12651649739323878, 0.12710873359627556, 0.12762063257474893, 0.12798650496811217, 0.12816054988583653, 0.1281224376227412, 0.1278795030435719, 0.1274654774790437, 0.12693606259776005, 0.12636190983109974, 0.12581974618361888, 0.12538254845258093, 0.12510985600146143, 0.12503949114083635, 0.12518200346886496, 0.12551892407737886, 0.1260053415360417, 0.12657648671879518, 0.12715717923183095, 0.12767242863645084, 0.12805738254861077, 0.12826516249336342, 0.12827174318651985, 0.12807766299450507, 0.12770681827846525, 0.12720283995493809, 0.12662363502000837, 0.12603469195815653, 0.12550176002056027, 0.12508353638789296, 0.12482502721878425, 0.12475227842679301, 0.12486917464258376, 0.1251569208072902, 0.12557656839550949, 0.12607448256587422, 0.12659003121540055, 0.12706420227178952, 0.12744756504155513, 0.12770614683637105, 0.1278243683624972, 0.12780494767291795]
[1.0, 0.9872126483102319, 0.9492568441336955, 0.8873246232556912, 0.8033181130241297, 0.6997371476862567, 0.5795473575696845, 0.4460467992179585, 0.30274615505446484, 0.1532715643886097, 0.0012918874643135115, -0.14953455540330501, -0.2956034625833222, -0.43340969649388106, -0.5596040780472953, -0.671067592654433, -0.7650028560529429, -0.839036511098185, -0.8913212892065993, -0.9206240033916945, -0.9263863898141693, -0.9087493524583391, -0.8685368997692849, -0.8072024761852709, -0.7267459417458225, -0.6296128995897973, -0.518588798173014, -0.3966983611975883, -0.2671171656635791, -0.1330976942167576, 0.0020919353297452646, 0.1352212171456196, 0.26314823365634255, 0.3828734153021565, 0.49159900673265405, 0.5867942422230646, 0.6662632894563948, 0.728210767220045, 0.7712985856789591, 0.7946881911472359, 0.7980638704194556, 0.7816351454545737, 0.7461188732718242, 0.692703872192081, 0.6230022957960075, 0.5389923907763321, 0.4429567854254404, 0.33741934391560896, 0.22508226868935036, 0.10876391030880575, -0.00866307322121311, -0.12433384390699613, -0.2354541886811341, -0.3393637600161065, -0.4335987012375094, -0.5159518455131679, -0.5845281552688338, -0.6377928971417975, -0.6746102475329938, -0.6942705328470136, -0.6965050083543872, -0.6814878334619561, -0.6498255885809172, -0.6025352189794695, -0.5410116508565317, -0.4669865132211651, -0.3824794531869482, -0.2897435019510881, -0.1912058836676345, -0.08940560007932441, 0.013070903498220042, 0.11365466992981722, 0.2098583856871102, 0.2993383123772447, 0.37995247904695045, 0.44981358749664246, 0.5073351133363421, 0.5512691996712584, 0.5807351480092776, 0.5952376087608463, 0.5946739440408965, 0.5793306485270286, 0.549869132044821, 0.5073015511970671, 0.4529576939530625, 0.38844415092557244, 0.31559714698543145, 0.23643046973454138, 0.15307994108044892, 0.06774586214905323, -0.017365156980354263, -0.1000975803249447, -0.17840213990889645, -0.25038744407338936, -0.31436663619193117, -0.3688978231615844, -0.41281714566439626, -0.4452635903403893, -0.46569493804962975, -0.4738945773138626, -0.4699692527313688, -0.4543381283838612, -0.42771379827945155, -0.3910760576849008, -0.3456393664312015, -0.29281500728179444, -0.23416899411120404, -0.17137683710489454, -0.10617633584552694, -0.040319642825134304, 0.024474095444557895, 0.08656417701522012, 0.14443053637205772, 0.19671144865453463, 0.242235667034517, 0.28004814610337664, 0.3094287870820442, 0.32990394445164645, 0.3412507232371942, 0.3434943399338127, 0.3368989977687753, 0.3219528357117809, 0.29934756532146606, 0.2699534376886609, 0.23479021485073395, 0.1949948787695937, 0.1517869034978055, 0.10643203227656638, 0.06020561718979849, 0.014356664669995606, -0.029926242411097332, -0.07154602561517316, -0.10952420887909689, -0.14302325791395004, -0.1713636481266213, -0.19403542871992258, -0.21070431076872406, -0.2212125141403458, -0.2255747441864833, -0.2239697357142886, -0.21672781850617223, -0.20431495638758138, -0.18731372226653148, -0.16640171716824095, -0.14232802800413077, -0.11588843380387705, -0.08790018548904605, -0.0591772656433294, -0.030507051894289226, -0.0026292428321110016, 0.023782242144610676, 0.04813389280825743, 0.06992352601240534, 0.08874750612938391, 0.10430450164239925, 0.1163961594084762, 0.12492513651329863, 0.1298909022043906, 0.13138363469866118, 0.12957642962800403, 0.12471595078160465, 0.11711162287855569, 0.1071235071735245, 0.0951491110323169, 0.08160954002390164, 0.06693556681059326, 0.05155431644273436, 0.035877304654109, 0.020290480859465315, 0.0051467143564204575, -0.009239151003403827, -0.02259290013517512, -0.03468174223613837, -0.045314015343328004, -0.05433852134362191, -0.06164403599837387, -0.0671592324503903, -0.0708529138315852, -0.07273417215326924, -0.07285195166711578, -0.07129352156780609, -0.06818153101225377, -0.0636695712315694, -0.057936438480020905, -0.05117952181870186, -0.04360789302524507, -0.03543572795903455, -0.02687662360059424, -0.018139187259195857, -0.009423981361319939, -0.0009215635295523689, 0.007188938202865962, 0.014741419461485845, 0.021585172381337742, 0.02758830644659215, 0.032641996225678475, 0.036664869036161965, 0.03960659029671523, 0.04144977362080668, 0.04220972020590411, 0.04193203188686161]
[0.0, 0.01, 0.02, 0.03, 0.04, 0.05, 0.06, 0.07, 0.08, 0.09, 0.1, 0.11, 0.12, 0.13, 0.14, 0.15, 0.16, 0.17, 0.18, 0.19, 0.2, 0.21, 0.22, 0.23, 0.24, 0.25, 0.26, 0.27, 0.28, 0.29, 0.3, 0.31, 0.32, 0.33, 0.34, 0.35, 0.36, 0.37, 0.38, 0.39, 0.4, 0.41, 0.42, 0.43, 0.44, 0.45, 0.46, 0.47, 0.48, 0.49, 0.5, 0.51, 0.52, 0.53, 0.54, 0.55, 0.56, 0.57, 0.58, 0.59, 0.6, 0.61, 0.62, 0.63, 0.64, 0.65, 0.66, 0.67, 0.68, 0.69, 0.7, 0.71, 0.72, 0.73, 0.74, 0.75, 0.76, 0.77, 0.78, 0.79, 0.8, 0.81, 0.82, 0.83, 0.84, 0.85, 0.86, 0.87, 0.88, 0.89, 0.9, 0.91, 0.92, 0.93, 0.94, 0.95, 0.96, 0.97, 0.98, 0.99, 1.0, 1.01, 1.02, 1.03, 1.04, 1.05, 1.06, 1.07, 1.08, 1.09, 1.1, 1.11, 1.12, 1.13, 1.14, 1.15, 1.16, 1.17, 1.18, 1.19, 1.2, 1.21, 1.22, 1.23, 1.24, 1.25, 1.26, 1.27, 1.28, 1.29, 1.3, 1.31, 1.32, 1.33, 1.34, 1.35, 1.36, 1.37, 1.38, 1.39, 1.4, 1.41, 1.42, 1.43, 1.44, 1.45, 1.46, 1.47, 1.48, 1.49, 1.5, 1.51, 1.52, 1.53, 1.54, 1.55, 1.56, 1.57, 1.58, 1.59, 1.6, 1.61, 1.62, 1.63, 1.64, 1.65, 1.66, 1.67, 1.68, 1.69, 1.7, 1.71, 1.72, 1.73, 1.74, 1.75, 1.76, 1.77, 1.78, 1.79, 1.8, 1.81, 1.82, 1.83, 1.84, 1.85, 1.86, 1.87, 1.88, 1.89, 1.9, 1.91, 1.92, 1.93, 1.94, 1.95, 1.96, 1.97, 1.98, 1.99, 2.0]
